0, 1, 2
3, 4, 5
6, 4, 3
4, 0, 5
4, 13, 14
15, 0, 2
5, 0, 15
21, 15, 2
24, 15, 21
6, 13, 4
30, 31, 21
31, 34, 21
34, 24, 21
39, 1, 0
3, 5, 44
45, 14, 13
5, 15, 50
51, 15, 24
54, 13, 6
57, 31, 30
57, 34, 31
63, 24, 34
66, 2, 1
66, 70, 2
39, 0, 4
39, 4, 14
5, 50, 44
13, 54, 45
30, 21, 70
21, 2, 70
24, 63, 51
57, 63, 34
6, 3, 54
44, 54, 3
45, 103, 14
103, 106, 14
108, 14, 106
111, 14, 108
39, 14, 111
66, 30, 70
66, 121, 30
123, 57, 30
50, 15, 128
51, 128, 15
111, 1, 39
108, 1, 111
66, 1, 108
121, 123, 30
45, 54, 146
103, 45, 149
106, 103, 152
121, 66, 155
57, 123, 158
44, 50, 161
128, 51, 164
165, 51, 63
123, 121, 158
146, 149, 45
174, 108, 106
106, 152, 174
149, 152, 103
183, 155, 66
57, 158, 188
189, 50, 128
189, 161, 50
63, 57, 188
63, 188, 165
165, 164, 51
161, 205, 44
205, 54, 44
205, 146, 54
174, 214, 108
155, 158, 121
66, 108, 221
214, 221, 108
183, 66, 221
189, 128, 230
164, 230, 128
234, 158, 155
221, 214, 239
152, 149, 242
149, 146, 242
205, 161, 248
230, 164, 251
252, 161, 189
174, 152, 257
188, 158, 260
234, 260, 158
264, 155, 183
264, 234, 155
270, 183, 221
221, 239, 270
165, 188, 278
260, 278, 188
282, 146, 205
205, 248, 282
288, 189, 230
164, 165, 293
161, 252, 248
297, 214, 174
174, 257, 297
242, 257, 152
293, 165, 278
239, 214, 297
242, 146, 282
293, 251, 164
252, 189, 288
251, 322, 230
288, 230, 326
322, 326, 230
264, 183, 332
270, 332, 183
336, 293, 278
270, 239, 341
342, 239, 297
345, 242, 282
251, 293, 350
351, 288, 326
260, 234, 356
357, 356, 234
278, 260, 356
278, 356, 336
239, 342, 341
369, 297, 257
369, 342, 297
257, 242, 377
357, 234, 264
282, 248, 383
282, 383, 345
252, 288, 389
351, 389, 288
326, 322, 395
322, 251, 395
399, 264, 332
399, 332, 270
270, 341, 399
389, 248, 252
293, 336, 350
377, 242, 345
389, 383, 248
350, 395, 251
351, 326, 425
425, 326, 428
395, 428, 326
357, 264, 434
399, 434, 264
377, 369, 257
441, 345, 383
395, 350, 446
447, 351, 425
428, 395, 452
434, 399, 455
399, 341, 455
459, 341, 342
462, 342, 369
369, 377, 462
468, 377, 345
468, 462, 377
383, 389, 476
383, 476, 441
480, 425, 428
483, 336, 356
356, 487, 483
447, 389, 351
350, 336, 483
356, 357, 487
498, 357, 434
434, 455, 498
459, 455, 341
342, 462, 459
483, 446, 350
446, 452, 395
447, 425, 480
452, 520, 428
480, 428, 524
520, 524, 428
487, 357, 530
530, 357, 498
441, 468, 345
476, 389, 447
452, 446, 542
543, 447, 480
520, 452, 548
549, 480, 524
455, 459, 554
498, 455, 554
558, 462, 468
561, 476, 447
480, 549, 543
567, 524, 520
446, 483, 572
573, 572, 483
483, 487, 573
579, 554, 459
582, 487, 530
530, 586, 582
588, 441, 476
586, 530, 498
498, 554, 586
459, 462, 579
558, 579, 462
468, 441, 605
468, 605, 558
543, 610, 447
610, 561, 447
615, 476, 561
615, 588, 476
621, 542, 446
542, 548, 452
627, 524, 629
567, 629, 524
549, 524, 627
548, 567, 520
572, 621, 446
573, 487, 582
588, 605, 441
542, 621, 650
548, 542, 653
654, 627, 629
567, 548, 659
660, 573, 582
582, 586, 660
586, 554, 668
669, 579, 558
669, 558, 605
554, 579, 677
615, 561, 680
650, 653, 542
610, 543, 686
687, 543, 549
690, 629, 567
687, 549, 627
627, 697, 687
699, 561, 610
621, 703, 650
654, 697, 627
653, 659, 548
703, 621, 572
572, 715, 703
717, 572, 573
573, 660, 717
586, 668, 660
677, 668, 554
579, 669, 677
605, 588, 734
605, 734, 669
588, 615, 740
588, 740, 734
699, 680, 561
680, 740, 615
699, 610, 686
659, 690, 567
686, 543, 687
715, 572, 717
654, 629, 764
690, 764, 629
768, 677, 669
669, 734, 768
774, 734, 740
740, 680, 774
653, 650, 782
659, 653, 785
786, 697, 654
789, 686, 687
792, 668, 677
660, 668, 792
798, 715, 717
717, 660, 798
764, 690, 806
768, 808, 677
734, 774, 768
680, 699, 815
680, 815, 774
699, 686, 821
687, 697, 824
687, 824, 827
808, 792, 677
690, 659, 833
785, 833, 659
827, 789, 687
650, 703, 842
843, 842, 703
703, 715, 848
798, 848, 715
792, 798, 660
786, 654, 764
858, 686, 789
782, 785, 653
833, 806, 690
786, 764, 869
824, 697, 786
869, 764, 875
806, 875, 764
843, 703, 848
782, 650, 842
858, 821, 686
821, 815, 699
785, 782, 893
894, 786, 869
875, 806, 899
900, 843, 848
848, 798, 900
906, 808, 768
768, 774, 906
815, 821, 914
915, 798, 792
906, 919, 808
858, 789, 923
858, 923, 914
927, 827, 824
927, 931, 827
806, 833, 935
936, 935, 833
833, 785, 936
942, 936, 785
894, 824, 786
931, 789, 827
785, 893, 942
954, 869, 875
935, 899, 806
960, 842, 843
843, 900, 960
966, 782, 842
798, 915, 900
906, 774, 815
815, 914, 906
919, 792, 808
919, 915, 792
821, 858, 914
966, 893, 782
927, 824, 894
931, 923, 789
954, 875, 998
899, 998, 875
894, 869, 954
1005, 842, 960
966, 842, 1005
1011, 960, 900
919, 906, 1016
1017, 906, 914
1020, 927, 894
998, 899, 1025
935, 936, 1028
936, 942, 1031
1032, 894, 954
1011, 1005, 960
1011, 966, 1005
900, 1042, 1011
1042, 900, 915
915, 919, 1042
1016, 1042, 919
906, 1017, 1016
1056, 931, 927
927, 1020, 1056
1062, 923, 931
1062, 1066, 923
1066, 1069, 923
1071, 954, 998
899, 1075, 1025
1075, 899, 935
936, 1031, 1028
942, 893, 1085
893, 966, 1088
1011, 1088, 966
914, 923, 1069
914, 1069, 1017
1056, 1062, 931
1020, 894, 1103
1103, 894, 1032
1032, 954, 1109
1071, 1109, 954
1028, 1075, 935
1071, 998, 1118
1025, 1118, 998
1085, 1031, 942
1085, 893, 1088
1128, 1011, 1042
1131, 1017, 1069
1109, 1071, 1136
1075, 1028, 1139
1118, 1025, 1142
1025, 1075, 1145
1146, 1085, 1088
1088, 1011, 1146
1152, 1069, 1066
1066, 1062, 1152
1158, 1042, 1016
1158, 1128, 1042
1016, 1017, 1131
1062, 1056, 1169
1062, 1169, 1152
1152, 1131, 1069
1056, 1020, 1178
1179, 1020, 1103
1103, 1032, 1184
1103, 1184, 1179
1184, 1032, 1109
1109, 1136, 1184
1194, 1071, 1118
1118, 1198, 1194
1118, 1142, 1198
1145, 1142, 1025
1139, 1145, 1075
1028, 1031, 1211
1128, 1213, 1011
1213, 1146, 1011
1031, 1085, 1220
1178, 1020, 1179
1169, 1056, 1178
1136, 1071, 1194
1139, 1028, 1211
1211, 1031, 1220
1220, 1085, 1238
1131, 1158, 1016
1238, 1085, 1146
1245, 1169, 1178
1245, 1152, 1169
1251, 1136, 1194
1254, 1213, 1128
1257, 1128, 1158
1158, 1131, 1257
1146, 1213, 1254
1266, 1184, 1136
1178, 1179, 1271
1178, 1271, 1245
1275, 1194, 1198
1179, 1184, 1280
1142, 1145, 1283
1284, 1283, 1145
1287, 1198, 1142
1145, 1139, 1284
1293, 1284, 1139
1293, 1139, 1211
1299, 1211, 1220
1299, 1220, 1238
1128, 1257, 1254
1131, 1152, 1257
1299, 1238, 1146
1146, 1254, 1299
1184, 1266, 1319
1245, 1257, 1152
1319, 1280, 1184
1280, 1271, 1179
1266, 1136, 1331
1251, 1331, 1136
1251, 1194, 1337
1275, 1337, 1194
1287, 1275, 1198
1287, 1142, 1283
1293, 1211, 1299
1257, 1245, 1352
1353, 1245, 1271
1356, 1266, 1331
1331, 1251, 1356
1362, 1251, 1337
1275, 1287, 1367
1283, 1284, 1370
1371, 1254, 1257
1257, 1375, 1371
1257, 1352, 1375
1245, 1353, 1352
1383, 1271, 1280
1383, 1353, 1271
1280, 1319, 1391
1392, 1319, 1266
1395, 1287, 1283
1283, 1370, 1395
1337, 1275, 1403
1337, 1403, 1406
1407, 1284, 1293
1407, 1370, 1284
1413, 1293, 1299
1299, 1417, 1413
1299, 1420, 1417
1371, 1299, 1254
1371, 1420, 1299
1428, 1337, 1406
1428, 1362, 1337
1403, 1275, 1436
1367, 1436, 1275
1362, 1356, 1251
1367, 1287, 1395
1407, 1293, 1448
1448, 1293, 1413
1383, 1280, 1454
1391, 1454, 1280
1392, 1459, 1319
1356, 1392, 1266
1459, 1391, 1319
1467, 1428, 1406
1470, 1403, 1436
1417, 1420, 1475
1476, 1420, 1371
1479, 1371, 1375
1482, 1353, 1383
1485, 1383, 1454
1488, 1467, 1406
1406, 1403, 1488
1470, 1488, 1403
1497, 1395, 1370
1497, 1501, 1395
1503, 1370, 1407
1503, 1497, 1370
1436, 1510, 1470
1436, 1367, 1514
1367, 1395, 1501
1518, 1407, 1448
1518, 1503, 1407
1524, 1475, 1420
1527, 1448, 1413
1530, 1413, 1417
1417, 1475, 1530
1371, 1479, 1476
1375, 1352, 1541
1375, 1541, 1479
1476, 1524, 1420
1548, 1352, 1353
1454, 1391, 1553
1454, 1553, 1485
1353, 1482, 1548
1459, 1392, 1562
1392, 1356, 1562
1566, 1562, 1356
1383, 1485, 1482
1572, 1391, 1459
1459, 1576, 1572
1356, 1362, 1566
1362, 1428, 1583
1467, 1583, 1428
1587, 1413, 1589
1587, 1591, 1413
1591, 1594, 1413
1596, 1413, 1598
1594, 1527, 1413
1527, 1603, 1448
1598, 1413, 1530
1603, 1518, 1448
1548, 1541, 1352
1589, 1413, 1596
1617, 1553, 1391
1562, 1621, 1459
1623, 1391, 1625
1623, 1627, 1391
1625, 1391, 1631
1572, 1631, 1391
1566, 1362, 1637
1637, 1362, 1640
1583, 1640, 1362
1617, 1391, 1627
1510, 1436, 1649
1514, 1649, 1436
1501, 1514, 1367
1621, 1576, 1459
1659, 1587, 1589
1594, 1591, 1664
1665, 1596, 1598
1527, 1594, 1664
1530, 1475, 1673
1674, 1479, 1541
1665, 1589, 1596
1680, 1485, 1553
1627, 1623, 1685
1686, 1625, 1631
1640, 1583, 1691
1583, 1467, 1694
1695, 1470, 1510
1698, 1510, 1649
1701, 1482, 1485
1704, 1475, 1524
1664, 1603, 1527
1591, 1587, 1664
1665, 1598, 1530
1475, 1704, 1673
1589, 1665, 1659
1722, 1524, 1476
1476, 1726, 1722
1541, 1548, 1730
1541, 1730, 1674
1485, 1680, 1701
1553, 1617, 1739
1686, 1623, 1625
1572, 1576, 1745
1746, 1745, 1576
1548, 1750, 1730
1548, 1482, 1754
1548, 1754, 1750
1758, 1704, 1524
1621, 1562, 1763
1686, 1631, 1572
1566, 1637, 1769
1770, 1637, 1640
1640, 1691, 1770
1739, 1617, 1627
1779, 1467, 1488
1779, 1694, 1467
1583, 1694, 1691
1501, 1497, 1790
1791, 1790, 1497
1698, 1695, 1510
1790, 1514, 1501
1790, 1801, 1514
1801, 1804, 1514
1503, 1518, 1791
1746, 1576, 1621
1621, 1763, 1746
1497, 1503, 1791
1518, 1603, 1820
1476, 1479, 1726
1674, 1726, 1479
1649, 1514, 1804
1649, 1804, 1698
1488, 1470, 1835
1488, 1835, 1779
1482, 1701, 1754
1769, 1562, 1566
1835, 1470, 1695
1820, 1603, 1850
1664, 1850, 1603
1664, 1587, 1856
1856, 1587, 1859
1860, 1859, 1587
1659, 1864, 1587
1665, 1530, 1868
1673, 1868, 1530
1791, 1518, 1820
1758, 1524, 1722
1769, 1763, 1562
1680, 1553, 1883
1739, 1883, 1553
1739, 1627, 1685
1685, 1623, 1892
1892, 1623, 1895
1864, 1860, 1587
1895, 1623, 1901
1902, 1901, 1623
1905, 1902, 1623
1686, 1572, 1745
1686, 1905, 1623
1769, 1637, 1916
1770, 1916, 1637
1704, 1758, 1922
1673, 1704, 1925
1859, 1860, 1928
1929, 1804, 1801
1864, 1659, 1934
1868, 1673, 1937
1659, 1665, 1940
1726, 1674, 1943
1944, 1674, 1730
1947, 1701, 1680
1950, 1680, 1883
1883, 1739, 1950
1956, 1739, 1685
1944, 1730, 1750
1962, 1685, 1892
1965, 1892, 1895
1965, 1895, 1901
1901, 1902, 1965
1745, 1746, 1976
1916, 1770, 1979
1980, 1770, 1691
1983, 1694, 1779
1779, 1835, 1988
1779, 1988, 1983
1992, 1790, 1791
1698, 1804, 1997
1998, 1820, 1850
1998, 2002, 1820
1850, 1664, 2006
1850, 2006, 1998
2010, 1664, 1856
1856, 2014, 2010
1856, 2017, 2014
1856, 2020, 2017
2020, 1856, 1859
1859, 1928, 2020
2028, 1801, 1790
2028, 1929, 1801
1925, 1937, 1673
2037, 1665, 1868
1868, 1937, 2037
1659, 1940, 1934
2002, 1791, 1820
1922, 1925, 1704
2052, 1758, 1722
1722, 2056, 2052
1722, 1726, 2056
1943, 2056, 1726
1835, 1695, 2066
1695, 1698, 2069
1997, 2069, 1698
1701, 2074, 2075
1944, 1943, 1674
2075, 1754, 1701
2082, 1750, 1754
2082, 1944, 1750
2088, 1860, 1864
2088, 1928, 1860
1965, 1962, 1892
2097, 1902, 1905
2097, 1965, 1902
1947, 2074, 1701
2106, 1686, 1745
1746, 1763, 1976
1950, 1947, 1680
1956, 2116, 1739
1685, 1962, 1956
2121, 1905, 1686
1686, 2125, 2121
2127, 2097, 1905
1983, 2131, 1694
1763, 1769, 2135
2136, 1769, 1916
1916, 1979, 2136
1770, 1980, 1979
2131, 1691, 1694
2131, 1980, 1691
2006, 1664, 2153
2154, 1664, 2010
1934, 2088, 1864
2153, 1664, 2154
2002, 1992, 1791
1922, 1758, 2052
1940, 1665, 2037
2075, 2082, 1754
2066, 1988, 1835
2069, 2066, 1695
2116, 1950, 1739
2127, 1905, 2186
2121, 2186, 1905
2106, 1745, 2192
1976, 2192, 1745
2106, 2125, 1686
2135, 1769, 2136
1992, 2028, 1790
1997, 1804, 2207
1929, 2207, 1804
2135, 1976, 1763
2214, 2215, 2216
2217, 2215, 2214
2220, 2221, 2222
2223, 2224, 2225
2226, 2216, 2228
2229, 2216, 2226
2214, 2216, 2229
2235, 2229, 2226
2238, 2215, 2217
2216, 2242, 2228
2222, 2221, 2246
2247, 2220, 2222
2250, 2220, 2247
2222, 2224, 2255
2256, 2224, 2223
2255, 2224, 2256
2255, 2247, 2222
2265, 2215, 2238
2268, 2216, 2215
2271, 2225, 2224
2223, 2225, 2271
2277, 2229, 2235
2280, 2242, 2216
2222, 2246, 2285
2250, 2247, 2288
2289, 2224, 2222
2256, 2223, 2294
2010, 2014, 2297
2014, 2017, 2300
2301, 1928, 2088
2304, 2017, 2020
2307, 1937, 1925
2310, 1925, 1922
2052, 2056, 2315
2316, 1940, 2037
2037, 1937, 2316
2056, 1943, 2315
2325, 1943, 1944
2328, 1944, 2082
1965, 2097, 2333
2334, 2215, 2265
2337, 1947, 1950
1950, 2116, 2337
2343, 2127, 2186
2186, 2121, 2343
2136, 1979, 2351
2351, 1979, 1980
2355, 2074, 1947
2358, 1929, 2028
2207, 1929, 2358
2221, 2220, 2366
2367, 2366, 2220
2370, 2371, 2226
2216, 2268, 2375
2376, 2214, 2229
2229, 2277, 2376
2215, 2334, 2268
2226, 2228, 2387
2226, 2387, 2370
2375, 2280, 2216
2238, 2217, 2376
2217, 2214, 2376
2367, 2220, 2250
2250, 2288, 2367
2228, 2242, 2408
2224, 2289, 2271
2412, 2255, 2256
2412, 2247, 2255
2412, 2288, 2247
2222, 2422, 2289
2424, 2006, 2153
2424, 1998, 2006
2430, 2002, 1998
2430, 2434, 2002
2014, 2300, 2297
2301, 2020, 1928
2301, 2304, 2020
2088, 1934, 2447
2088, 2447, 2301
2017, 2304, 2300
2454, 2153, 2154
2154, 2458, 2454
1937, 2307, 2316
1925, 2310, 2307
1922, 2052, 2468
2315, 2468, 2052
2325, 2315, 1943
2475, 1988, 2066
2082, 2075, 2480
2082, 2480, 2328
2484, 2075, 2074
2487, 1956, 1962
1962, 2491, 2487
2493, 1962, 1965
1965, 2333, 2493
2499, 2265, 2238
2502, 2097, 2127
2502, 2333, 2097
2127, 2343, 2502
2235, 2226, 2371
2235, 2371, 2277
2121, 2518, 2343
2121, 2125, 2522
2121, 2522, 2518
2526, 2116, 1956
2526, 2337, 2116
2125, 2106, 2534
2125, 2534, 2522
2106, 2192, 2540
2541, 2540, 2192
2192, 1976, 2541
2547, 2541, 1976
2550, 1980, 2131
2131, 2554, 2550
2131, 1983, 2554
2246, 2560, 2285
2246, 2221, 2564
2337, 2355, 1947
2066, 2069, 2570
2328, 2325, 1944
2570, 2069, 1997
1997, 2578, 2570
2154, 2010, 2458
2297, 2458, 2010
2586, 1983, 1988
2028, 1992, 2591
2028, 2591, 2358
1992, 2002, 2434
1992, 2434, 2591
2578, 1997, 2207
2207, 2358, 2578
2074, 2355, 2484
2316, 2611, 1940
2611, 2614, 1940
2614, 1934, 1940
1976, 2135, 2621
2135, 2136, 2621
2351, 2621, 2136
2334, 2265, 2630
2387, 2228, 2408
2280, 2635, 2242
2408, 2242, 2639
2635, 2639, 2242
2643, 2246, 2645
2643, 2560, 2246
2645, 2246, 2564
2630, 2265, 2654
2499, 2654, 2265
2376, 2499, 2238
2412, 2256, 2294
2294, 2223, 2666
2271, 2668, 2223
2666, 2223, 2672
2672, 2223, 2675
2668, 2675, 2223
2564, 2221, 2366
2351, 1980, 2550
2586, 1988, 2475
2475, 2066, 2690
2424, 2430, 1998
2424, 2153, 2454
2285, 2422, 2222
2614, 2447, 1934
2310, 1922, 2468
2690, 2066, 2570
2484, 2480, 2075
2526, 1956, 2487
2491, 1962, 2493
2540, 2534, 2106
2621, 2547, 1976
2554, 1983, 2586
2277, 2371, 2729
2371, 2370, 2732
2733, 2334, 2630
2376, 2277, 2729
2635, 2280, 2741
2560, 2643, 2744
2285, 2560, 2747
2733, 2630, 2654
2654, 2499, 2733
2499, 2376, 2756
2757, 2367, 2288
2760, 2666, 2672
2760, 2672, 2675
2675, 2668, 2760
2366, 2367, 2771
2772, 2351, 2550
2775, 2570, 2578
2430, 2424, 2780
2458, 2297, 2783
2316, 2307, 2786
2787, 2304, 2301
2790, 2301, 2447
2297, 2300, 2795
2611, 2316, 2798
2799, 2328, 2480
2493, 2333, 2804
2805, 2333, 2502
2808, 2343, 2518
2811, 2484, 2355
2814, 2355, 2337
2371, 2732, 2729
2820, 2280, 2375
2823, 2370, 2387
2823, 2732, 2370
2820, 2741, 2280
2387, 2408, 2834
2387, 2834, 2823
2408, 2639, 2840
2744, 2747, 2560
2844, 2845, 2564
2645, 2564, 2849
2845, 2849, 2564
2499, 2854, 2733
2499, 2756, 2854
2859, 2288, 2412
2862, 2863, 2289
2643, 2866, 2744
2643, 2645, 2870
2412, 2294, 2873
2375, 2268, 2876
2271, 2289, 2863
2271, 2863, 2882
2289, 2422, 2885
2289, 2885, 2862
2668, 2271, 2882
2668, 2882, 2760
2294, 2666, 2897
2772, 2899, 2351
2550, 2554, 2903
2550, 2903, 2772
2907, 2586, 2475
2910, 2475, 2690
2910, 2907, 2475
2564, 2366, 2844
2771, 2844, 2366
2922, 2578, 2358
2358, 2926, 2922
2591, 2434, 2930
2931, 2434, 2430
2934, 2424, 2454
2454, 2938, 2934
2367, 2757, 2771
2943, 2422, 2285
2938, 2454, 2458
2458, 2783, 2938
2795, 2783, 2297
2795, 2300, 2304
2304, 2787, 2795
2316, 2786, 2798
2614, 2611, 2966
2798, 2966, 2611
2301, 2790, 2787
2973, 2447, 2614
2973, 2790, 2447
2979, 2358, 2591
2310, 2983, 2984
2307, 2310, 2984
2307, 2984, 2786
2983, 2310, 2468
2468, 2995, 2983
2995, 2468, 2315
2315, 3001, 2995
3001, 2315, 2325
2325, 3007, 3001
3009, 2690, 2570
2570, 2775, 3009
2325, 2328, 3017
2325, 3017, 3007
2328, 2799, 3017
2480, 2484, 2997
2480, 2997, 2799
3030, 2540, 2541
3030, 2988, 2540
2814, 2337, 2526
3010, 2526, 2487
3042, 2487, 2491
3042, 3010, 2487
2805, 3046, 2333
3051, 2491, 2493
2493, 2804, 3051
3046, 2804, 2333
2988, 2534, 2540
3063, 2518, 2522
3063, 2808, 2518
3069, 2268, 2334
2729, 3073, 2376
3073, 2756, 2376
2639, 2635, 2741
2639, 2741, 3075
2522, 2534, 3039
2522, 3039, 3063
2541, 2547, 3015
2621, 2351, 3078
2355, 2814, 2811
3097, 2547, 2621
3099, 2502, 2343
2343, 2808, 3099
2502, 3099, 2805
3083, 2554, 2586
2840, 2834, 2408
2991, 2840, 2639
3087, 2639, 3088
2820, 2375, 2876
3088, 2639, 3075
2876, 2268, 3069
2976, 2639, 3087
2976, 2991, 2639
2943, 2885, 2422
2859, 2412, 2873
2747, 2943, 2285
3071, 2666, 2760
3071, 2897, 2666
3092, 2645, 2849
2873, 2294, 2897
3092, 2870, 2645
2870, 3002, 2643
2757, 2288, 2859
3039, 2534, 2988
3015, 2547, 3055
3097, 3055, 2547
3030, 2541, 3086
3015, 3086, 2541
3078, 2351, 2899
3083, 2903, 2554
3083, 2586, 2907
3009, 2910, 2690
2775, 2578, 3018
2922, 3018, 2578
2926, 2358, 2979
2866, 2643, 3103
3002, 3103, 2643
2780, 2424, 3040
3040, 2424, 2934
2979, 2591, 2930
2930, 2434, 3098
2931, 3098, 2434
2966, 2987, 2614
2931, 2430, 3084
2780, 3084, 2430
2811, 2997, 2484
3097, 2621, 3078
2814, 2526, 3010
2987, 2973, 2614
3042, 2491, 3051
3069, 2334, 2733
2920, 3075, 2741
3011, 3087, 3088
3090, 2820, 2876
2977, 3088, 3075
2732, 2823, 2998
2941, 2845, 2844
3011, 2976, 3087
2972, 2844, 2771
3072, 3071, 2760
2897, 3071, 3072
3060, 2760, 2882
2882, 2863, 3016
2863, 2862, 3016
3064, 2744, 2866
2808, 3063, 2974
3063, 3039, 2974
3055, 3097, 2993
3076, 3030, 3086
2811, 2814, 2880
2941, 2849, 2845
3044, 2907, 2910
3023, 2775, 3018
2984, 2983, 3041
2922, 2926, 3034
3077, 2866, 3103
3103, 3002, 3077
2934, 2938, 3056
3031, 2930, 3098
2786, 2984, 3080
2783, 2795, 2962
3048, 2787, 2790
2963, 2795, 2787
2938, 2783, 2962
3001, 3007, 3066
3093, 2983, 2995
2995, 3001, 3093
3084, 2780, 2971
3045, 3017, 2799
2884, 2814, 3010
3048, 2790, 2973
3032, 3042, 3051
3051, 2804, 3032
2919, 3069, 2733
2804, 3046, 2951
3099, 2808, 2989
2920, 2977, 3075
3088, 2977, 3011
3096, 2733, 2854
3096, 2919, 2733
2854, 2756, 3065
2854, 3065, 3096
2756, 3073, 2875
2935, 2729, 2732
2834, 2840, 2994
2834, 2994, 2955
2823, 2834, 2955
2823, 2955, 2998
2920, 2741, 2820
2820, 2967, 2920
2990, 2859, 2873
2760, 3060, 3072
2862, 2885, 3014
2862, 3014, 3016
3061, 2873, 2897
2882, 3016, 3060
2747, 2744, 3033
3095, 3033, 2744
2866, 3077, 3064
2744, 3064, 3095
3002, 2870, 3038
2870, 3092, 2944
2985, 2944, 3092
3029, 2757, 2859
2859, 3094, 3029
2972, 2771, 2757
2974, 2989, 2808
3039, 2988, 2961
3039, 2961, 2974
3047, 3015, 3055
3055, 3020, 3047
3055, 2993, 3020
2942, 3086, 3015
2942, 3076, 3086
3078, 2899, 3003
2876, 3069, 3090
2919, 3090, 3069
3000, 2772, 2903
3000, 3019, 2772
2968, 2903, 3083
3044, 3083, 2907
3025, 2910, 3009
3025, 3044, 2910
3092, 2849, 2985
2941, 2985, 2849
3018, 2922, 3054
3018, 3054, 3023
3101, 3009, 2775
3093, 3041, 2983
2922, 3034, 3054
2926, 2979, 3034
2909, 3034, 2979
2885, 2943, 3014
2971, 2780, 3040
2909, 2979, 2930
2943, 2747, 3026
2943, 3026, 3014
3098, 2931, 2891
3098, 2891, 3031
3041, 3080, 2984
3040, 2934, 2965
3056, 2965, 2934
3048, 2963, 2787
2987, 2966, 3022
2966, 2798, 3022
2936, 2962, 2795
2795, 2963, 2936
2938, 2962, 3056
2798, 2786, 3080
3066, 3093, 3001
3028, 2931, 3084
3084, 2971, 3028
3007, 3017, 3045
3007, 3045, 3066
3102, 2799, 2997
3102, 3045, 2799
3019, 2899, 2772
3019, 3003, 2899
2993, 3097, 3078
2880, 2893, 2811
2893, 3102, 2811
3058, 2973, 2987
3058, 3048, 2973
2935, 3073, 2729
2804, 2951, 3032
2927, 3010, 3042
3042, 3032, 2927
2997, 2811, 3102
3046, 2805, 2946
3046, 2946, 2951
2946, 2805, 3099
3099, 2989, 2946
2991, 2976, 3049
2840, 2991, 3024
2869, 2988, 3030
2990, 3094, 2859
2990, 2873, 3061
2935, 2732, 2998
3090, 2967, 2820
3011, 2996, 2976
2994, 2840, 3024
3049, 2976, 3091
3024, 2991, 3049
3077, 3002, 3104
2944, 3038, 2870
2972, 2941, 2844
2914, 3002, 2947
3089, 2947, 3002
3029, 2972, 2757
3061, 2897, 3072
3091, 2976, 2912
2996, 2912, 2976
2880, 2814, 2884
2884, 3010, 2927
3082, 3065, 2756
2869, 2961, 2988
2869, 3030, 3076
2942, 3015, 2918
2918, 3015, 3047
2993, 3078, 3003
2875, 3082, 2756
2968, 3083, 3044
3101, 3025, 3009
3104, 3002, 2914
3101, 2775, 3023
2909, 2930, 3031
2935, 2875, 3073
2891, 2931, 3085
3028, 3085, 2931
3026, 2747, 3033
2971, 3040, 2929
2965, 2929, 3040
3038, 3089, 3002
3080, 3022, 2798
3022, 3058, 2987
2968, 3000, 2903
2836, 2919, 3096
3094, 2990, 2881
2825, 2990, 3061
2923, 3090, 2919
2967, 3090, 2905
2957, 2955, 2994
2920, 2967, 3012
2996, 3011, 2953
3011, 2977, 2982
3081, 2998, 2955
2825, 3060, 3016
2915, 3016, 3014
3079, 3077, 3104
2879, 2914, 2947
2985, 2941, 2809
2825, 3061, 3072
3072, 3060, 2825
2912, 2996, 2932
2925, 2884, 2927
2836, 3096, 3065
3065, 3082, 2836
2860, 2974, 2961
3020, 2993, 2867
3047, 3020, 2867
3066, 3045, 3006
2904, 2909, 3031
3028, 2971, 3052
2929, 2965, 2762
2852, 3056, 2962
2895, 2963, 3048
2768, 2946, 2989
3074, 3048, 3058
3058, 3022, 3074
2951, 2946, 2802
2975, 3031, 2891
2956, 3019, 3000
3016, 2872, 2978
3016, 2915, 2872
2935, 2998, 2952
3090, 2923, 2905
3027, 3049, 3091
2939, 3024, 3049
2982, 2953, 3011
2957, 3081, 2955
2990, 2825, 2881
2915, 3014, 3026
3033, 3095, 2828
3064, 3077, 3035
3064, 3035, 2828
2947, 3089, 3037
3038, 2944, 2960
2816, 2960, 2944
2898, 2972, 3029
2822, 2809, 2941
3029, 3094, 2878
3079, 3035, 3077
2816, 2944, 2985
2985, 2809, 2816
3027, 3091, 2912
2953, 2932, 2996
3100, 2927, 3032
3100, 2925, 2927
3032, 2951, 3100
2994, 3024, 2939
2994, 2939, 2957
2989, 2974, 2768
2792, 2768, 2974
2974, 2860, 2792
2950, 2869, 3076
2977, 2920, 2982
3012, 2982, 2920
2850, 2942, 2918
2850, 2908, 2942
2941, 2972, 2822
2898, 2822, 2972
2959, 2918, 3047
3047, 2867, 2959
2908, 3076, 2942
3004, 3082, 2875
3004, 2836, 3082
2981, 2968, 3044
2981, 2887, 2968
3006, 2913, 3066
2782, 3044, 3025
2851, 3025, 3101
3101, 2794, 2851
3079, 3104, 2914
2914, 2879, 3079
2829, 3101, 3023
2993, 3003, 2778
2961, 2869, 2826
2961, 2826, 2860
3053, 3003, 3019
2836, 2992, 2919
2992, 2923, 2919
3008, 2875, 2935
2964, 3085, 3028
3028, 3013, 2964
3054, 3034, 2868
2828, 3026, 3033
2828, 2915, 3026
2857, 2971, 2929
2929, 2999, 2857
2929, 2762, 2999
2965, 2894, 2762
2894, 2965, 3056
3056, 2852, 2894
3023, 3054, 2833
2868, 2833, 3054
3068, 2962, 2936
3068, 2852, 2962
3037, 3089, 3038
2958, 2936, 2963
2963, 2895, 2958
2949, 3022, 3080
2828, 3095, 3064
3048, 3050, 2895
3048, 3074, 3050
2768, 2802, 2946
3080, 3041, 2928
3041, 3093, 2928
2883, 2928, 3093
3093, 3066, 2883
2913, 2883, 3066
2877, 3034, 2909
3102, 2893, 2980
2893, 2880, 2917
2893, 2917, 2980
2891, 3085, 2764
2891, 2764, 2975
3045, 3102, 2980
3045, 2980, 3006
2887, 3000, 2968
2887, 2956, 3000
2880, 2884, 2858
2864, 2858, 2884
2865, 3021, 3049
3021, 2939, 3049
3004, 2875, 3008
3008, 2935, 2952
2952, 2998, 3081
2905, 3012, 2967
3070, 3049, 3027
2865, 3049, 3070
2830, 2912, 2837
3036, 2837, 2912
2753, 3036, 2912
3070, 2912, 3059
3027, 2912, 3070
2753, 2912, 2948
2932, 2948, 2912
3059, 2912, 2830
3037, 3038, 2841
2960, 2841, 3038
2878, 3094, 2940
2940, 3094, 2881
2879, 2947, 2888
2842, 2888, 2947
3068, 2936, 2958
3057, 2949, 3080
3057, 3080, 2928
2904, 2877, 2909
2877, 2868, 3034
2906, 2981, 3044
2917, 2880, 2916
3053, 2778, 3003
2864, 2884, 2925
2802, 3100, 2951
2829, 2794, 3101
2916, 2880, 2858
2778, 2867, 2993
2950, 3076, 2908
2898, 3029, 2878
2826, 2869, 2900
2950, 2900, 2869
2978, 2825, 3016
2956, 3053, 3019
2782, 3025, 2851
2937, 2947, 3037
2842, 2947, 2937
2906, 3044, 2782
2829, 3023, 2833
2904, 3031, 2975
2850, 2918, 2827
2959, 2827, 2918
3052, 3013, 3028
2764, 3085, 3043
2964, 3043, 3085
3052, 2971, 2857
2949, 3074, 3022
3021, 2865, 2831
2939, 3021, 2831
2945, 3004, 3008
2923, 2992, 2945
2905, 2923, 2662
2954, 2952, 3081
2953, 2982, 2742
2932, 2953, 2889
3012, 2905, 2707
3062, 2830, 2837
2641, 3081, 2957
2896, 3070, 3059
2948, 2932, 2889
2982, 3012, 2742
2945, 2836, 3004
2945, 2992, 2836
3079, 2879, 2856
2915, 2828, 2791
2740, 2940, 2881
2978, 2872, 2740
2847, 2879, 2888
2828, 3035, 2739
2949, 3057, 2766
2665, 2883, 2913
2719, 2913, 3006
2776, 2980, 2917
2892, 2917, 2916
2777, 2864, 2925
2777, 2925, 3100
3100, 2802, 2777
2815, 2792, 2860
2959, 2867, 2748
2802, 2768, 2986
2758, 2826, 2900
2740, 2881, 2825
2825, 2978, 2740
2688, 2908, 2850
2800, 2937, 3037
2709, 2829, 2833
2894, 2852, 2716
2807, 2904, 2975
2688, 2850, 2827
3013, 3052, 2839
2964, 3013, 2871
2999, 2762, 2933
2779, 2958, 2895
2751, 3050, 3074
3074, 2949, 2751
3008, 2952, 2954
3008, 2954, 2945
2662, 2707, 2905
2896, 2865, 3070
2837, 2640, 3062
2837, 3036, 2749
3036, 2753, 2749
2896, 3059, 2830
2879, 2847, 2856
3037, 2841, 2800
2856, 3067, 3079
2785, 2816, 2809
2648, 2822, 2898
2890, 2791, 2828
2843, 2878, 2940
2940, 2740, 2843
2957, 2939, 2848
2872, 2915, 2817
2872, 2817, 2740
3035, 3079, 3067
3035, 3067, 2739
2648, 2809, 2822
2693, 2888, 2842
2693, 2847, 2888
2753, 2948, 2806
2889, 2806, 2948
2828, 2739, 2890
2725, 3068, 2958
2958, 2779, 2725
2789, 2852, 3068
3068, 2725, 2789
2838, 2766, 3057
3057, 2928, 2838
2676, 2838, 2928
2928, 2883, 2761
2928, 2761, 2676
2913, 2719, 2665
2626, 2981, 2906
2626, 2781, 2981
2892, 2776, 2917
2709, 2794, 2829
2921, 2895, 3050
3050, 2751, 2921
2766, 2751, 2949
2767, 2916, 2858
2767, 2892, 2916
2767, 2858, 2864
2860, 2826, 2758
2860, 2758, 2832
2860, 2832, 2815
2953, 2742, 2889
2950, 2908, 2763
2843, 2898, 2878
2867, 2778, 2748
2778, 3053, 2656
2750, 2900, 2950
2750, 2813, 2900
2813, 2758, 2900
2781, 2887, 2981
2613, 2956, 2887
2887, 2781, 2613
3053, 2956, 2613
2960, 2816, 2797
2655, 2782, 2851
2755, 2851, 2794
2794, 2709, 2755
2674, 2842, 2937
2841, 2960, 2797
2681, 2906, 2782
2782, 2702, 2681
2902, 2833, 2868
2902, 2709, 2833
2812, 3006, 2980
2980, 2776, 2812
3006, 2812, 2719
2868, 2877, 2853
2735, 2827, 2959
2877, 2904, 2807
2877, 2807, 2853
2695, 2764, 3043
2784, 3043, 2964
2784, 2695, 3043
2769, 2857, 2999
2999, 2933, 2769
2738, 3052, 2857
2727, 2933, 2762
2807, 2975, 2764
2762, 2894, 2727
2716, 2727, 2894
2768, 2734, 2986
2671, 2768, 2792
2671, 2734, 2768
2886, 2837, 2810
2969, 2837, 2886
2969, 2640, 2837
2662, 2923, 2945
2726, 2831, 2865
2835, 2865, 2896
2835, 2726, 2865
2848, 2641, 2957
2831, 2848, 2939
2692, 2937, 2800
2797, 2754, 2841
2742, 3012, 2707
2785, 2809, 2648
2648, 2898, 2843
2817, 2915, 2911
2791, 2911, 2915
2800, 2841, 2683
2754, 2683, 2841
2693, 2842, 2706
2674, 2706, 2842
2797, 2816, 2785
2674, 2937, 2970
2692, 2824, 2937
2970, 2937, 2694
2824, 2694, 2937
2810, 2837, 2749
2902, 2868, 2853
2871, 2784, 2964
2896, 2830, 2835
3062, 2835, 2830
2839, 3052, 2738
2738, 2857, 2769
2807, 2764, 2695
2716, 2852, 2789
2779, 2895, 2921
2839, 2871, 3013
2665, 2761, 2883
2767, 2864, 2777
2656, 2748, 2778
2641, 2954, 3081
2815, 2671, 2792
2763, 2750, 2950
2763, 2908, 2688
2749, 2753, 2855
2806, 2855, 2753
2748, 2735, 2959
2688, 2827, 2818
2735, 2818, 2827
2613, 2656, 3053
2777, 2802, 2788
2986, 2788, 2802
2655, 2702, 2782
2626, 2906, 2681
2655, 2851, 2793
2755, 2793, 2851
2631, 2969, 2886
2640, 2969, 2631
2653, 2662, 2945
2945, 2954, 2653
2567, 2806, 2889
2831, 2726, 2846
2726, 2835, 2622
2641, 2848, 2638
2848, 2831, 2651
2556, 2785, 2648
2801, 2843, 2740
2740, 2817, 2801
2680, 2648, 2843
2911, 2791, 2636
2856, 2847, 2696
2819, 2800, 2683
2598, 2693, 2706
2556, 2797, 2785
2824, 2692, 2593
2566, 2970, 2694
2727, 2716, 2657
2784, 2871, 2710
2835, 3062, 3005
2933, 2727, 2687
2601, 2738, 2769
2769, 2933, 2601
2708, 2716, 2789
2789, 2725, 2708
2725, 2779, 2698
2921, 2751, 2529
2751, 2766, 2677
2838, 2676, 2861
2871, 2839, 2616
2667, 2776, 2892
2574, 2767, 2777
2954, 2641, 2713
2671, 2815, 2660
2728, 2832, 2758
2855, 2806, 2567
2590, 2688, 2818
2557, 2758, 2813
2813, 2750, 2557
2723, 2777, 2788
2788, 2986, 2723
2681, 2702, 2743
2831, 2846, 2745
2726, 2622, 2846
3062, 2640, 3005
2848, 2651, 2638
2692, 2800, 2819
2722, 2754, 2797
2577, 2742, 2707
2707, 2624, 2577
2663, 2720, 2707
2720, 2624, 2707
2567, 2889, 2742
2831, 2745, 2651
2801, 2680, 2843
2739, 3067, 2711
2801, 2817, 2911
2911, 2636, 2801
2722, 2683, 2754
2847, 2693, 2696
2598, 2696, 2693
2706, 2674, 2682
2706, 2682, 2598
2593, 2694, 2824
2623, 2810, 2749
2674, 2970, 2691
2902, 2853, 2770
2603, 2657, 2716
2657, 2687, 2727
2629, 2839, 2738
2738, 2601, 2629
2933, 2687, 2601
2718, 2709, 2902
2853, 2807, 2770
2770, 2807, 2695
2695, 2618, 2770
2695, 2784, 2536
2696, 3067, 2856
2708, 2603, 2716
2714, 2791, 2890
2714, 2498, 2791
2498, 2636, 2791
2608, 2779, 2921
2921, 2529, 2608
2766, 2838, 2537
2766, 2537, 2677
2751, 2677, 2529
2838, 2861, 2537
2679, 2861, 2676
2679, 2676, 2761
2761, 2673, 2679
2924, 2761, 2665
2924, 2673, 2761
2812, 2776, 2667
2812, 2667, 2525
2579, 2892, 2767
2767, 2574, 2579
2665, 2719, 2582
2525, 2670, 2812
2719, 2812, 2524
2670, 2524, 2812
2954, 2765, 2653
2954, 2713, 2765
2707, 2662, 2663
2664, 2734, 2671
2671, 2660, 2664
2892, 2579, 2667
2815, 2832, 2731
2697, 2750, 2763
2886, 2810, 2704
2697, 2763, 2688
2746, 2749, 2855
2855, 2567, 2746
2685, 2700, 2735
2613, 2781, 2821
2758, 2557, 2728
2818, 2563, 2590
2818, 2735, 2573
2669, 2986, 2734
2703, 2656, 2613
2703, 2874, 2656
2669, 2723, 2986
2735, 2748, 2874
2748, 2656, 2874
2890, 2739, 2711
2596, 2626, 2681
2681, 2743, 2596
2699, 2755, 2709
2699, 2649, 2755
2702, 2655, 2773
2620, 2773, 2655
2649, 2655, 2793
2649, 2715, 2655
2655, 2715, 2620
2649, 2793, 2755
2821, 2781, 2626
2626, 2721, 2821
2702, 2773, 2743
2539, 2692, 2819
2539, 2593, 2692
2705, 2735, 2796
2703, 2796, 2735
2685, 2735, 2705
2821, 2488, 2613
2582, 2589, 2665
2770, 2718, 2902
2713, 2641, 2638
2577, 2567, 2742
2625, 2835, 3005
2631, 2886, 2774
2704, 2580, 2886
3005, 2640, 2625
2631, 2625, 2640
2543, 2810, 2623
2543, 2704, 2810
2663, 2662, 2653
2556, 2648, 2680
2711, 2714, 2890
2819, 2683, 2539
2682, 2674, 2592
2691, 2592, 2674
2711, 3067, 2696
2691, 2970, 2566
2552, 2694, 2689
2510, 2689, 2694
2556, 2722, 2797
2593, 2510, 2694
2566, 2694, 2552
2573, 2735, 2700
2590, 2697, 2688
2623, 2749, 2901
2746, 2901, 2749
2774, 2886, 2642
2580, 2642, 2886
2721, 2626, 2596
2718, 2699, 2709
2652, 2582, 2719
2616, 2710, 2871
2710, 2609, 2784
2581, 2818, 2573
2563, 2818, 2581
2539, 2683, 2602
2722, 2602, 2683
2536, 2784, 2588
2609, 2588, 2784
2618, 2695, 2536
2616, 2839, 2629
2698, 2779, 2608
2589, 2924, 2665
2652, 2719, 2524
2703, 2613, 2796
2488, 2796, 2613
2728, 2731, 2832
2698, 2708, 2725
2574, 2777, 2723
2731, 2660, 2815
2669, 2734, 2664
2697, 2557, 2750
2622, 2835, 2513
2625, 2513, 2835
2874, 2703, 2735
2642, 2553, 2774
2617, 2553, 2642
2746, 2567, 2403
2593, 2539, 2559
2528, 2705, 2796
2528, 2685, 2705
2620, 2715, 2396
2720, 2663, 2436
2390, 2631, 2774
2625, 2631, 2612
2704, 2543, 2410
2406, 2577, 2624
2436, 2653, 2765
2436, 2663, 2653
2684, 2556, 2680
2658, 2680, 2801
2801, 2636, 2658
2416, 2498, 2714
2592, 2691, 2724
2505, 2552, 2689
2722, 2556, 2644
2510, 2593, 2559
2419, 2745, 2846
2617, 2642, 2661
2697, 2590, 2575
2512, 2759, 2659
2512, 2730, 2759
2436, 2765, 2713
2528, 2700, 2685
2403, 2623, 2901
2901, 2746, 2403
2642, 2580, 2615
2596, 2743, 2517
2399, 2759, 2730
2730, 2620, 2399
2743, 2773, 2433
2584, 2620, 2730
2773, 2620, 2584
2687, 2657, 2595
2710, 2616, 2558
2515, 2581, 2573
2602, 2722, 2350
2588, 2609, 2535
2601, 2687, 2595
2519, 2673, 2803
2679, 2673, 2519
2629, 2601, 2610
2608, 2529, 2445
2677, 2537, 2471
2924, 2589, 2497
2497, 2803, 2673
2673, 2924, 2497
2861, 2679, 2607
2546, 2715, 2649
2524, 2670, 2506
2670, 2525, 2686
2796, 2488, 2565
2549, 2525, 2667
2545, 2579, 2574
2708, 2698, 2562
2594, 2574, 2723
2723, 2669, 2594
2572, 2728, 2557
2576, 2622, 2513
2846, 2622, 2419
2514, 2774, 2553
2497, 2380, 2803
2436, 2597, 2720
2713, 2638, 2470
2389, 2638, 2651
2406, 2520, 2577
2651, 2745, 2456
2651, 2456, 2389
2543, 2623, 2485
2403, 2485, 2623
2580, 2704, 2637
2624, 2720, 2597
2624, 2597, 2406
2680, 2658, 2684
2636, 2498, 2717
2533, 2682, 2592
2592, 2724, 2533
2374, 2711, 2696
2374, 2650, 2711
2650, 2460, 2711
2696, 2598, 2504
2598, 2682, 2504
2533, 2504, 2682
2722, 2414, 2350
2722, 2644, 2414
2689, 2510, 2599
2691, 2566, 2571
2492, 2566, 2552
2552, 2505, 2492
2559, 2555, 2510
2678, 2405, 2567
2514, 2553, 2617
2573, 2700, 2451
2488, 2821, 2511
2627, 2590, 2563
2659, 2759, 2752
2642, 2615, 2661
2396, 2399, 2620
2584, 2433, 2773
2511, 2821, 2721
2721, 2479, 2511
2743, 2433, 2517
2512, 2584, 2730
2548, 2649, 2699
2548, 2546, 2649
2542, 2699, 2718
2542, 2548, 2699
2803, 2380, 2519
2718, 2770, 2712
2492, 2609, 2710
2721, 2596, 2479
2517, 2479, 2596
2634, 2563, 2581
2438, 2539, 2602
2602, 2350, 2438
2567, 2405, 2403
2583, 2536, 2588
2588, 2535, 2583
2587, 2618, 2536
2587, 2712, 2618
2657, 2603, 2561
2432, 2616, 2629
2629, 2610, 2432
2595, 2610, 2601
2449, 2698, 2608
2608, 2445, 2449
2714, 2711, 2460
2714, 2460, 2416
2529, 2677, 2532
2529, 2532, 2445
2712, 2770, 2618
2589, 2582, 2737
2589, 2737, 2497
2607, 2537, 2861
2607, 2471, 2537
2519, 2607, 2679
2715, 2546, 2396
2582, 2652, 2701
2646, 2652, 2524
2524, 2506, 2646
2670, 2686, 2506
2796, 2565, 2528
2525, 2549, 2686
2667, 2579, 2545
2667, 2545, 2549
2496, 2603, 2708
2708, 2562, 2496
2660, 2731, 2736
2482, 2669, 2664
2664, 2527, 2482
2527, 2664, 2660
2594, 2501, 2574
2574, 2501, 2545
2731, 2728, 2508
2520, 2600, 2577
2567, 2577, 2678
2600, 2678, 2577
2486, 2557, 2697
2486, 2572, 2557
2612, 2513, 2625
2576, 2419, 2622
2677, 2471, 2532
2514, 2390, 2774
2515, 2617, 2661
2515, 2477, 2617
2477, 2514, 2617
2410, 2637, 2704
2661, 2581, 2515
2555, 2599, 2510
2505, 2689, 2535
2583, 2628, 2536
2587, 2718, 2712
2399, 2752, 2759
2752, 2457, 2659
2647, 2701, 2652
2481, 2542, 2718
2558, 2632, 2710
2568, 2710, 2632
2492, 2710, 2568
2505, 2609, 2492
2459, 2536, 2628
2587, 2536, 2459
2535, 2609, 2505
2416, 2717, 2498
2504, 2374, 2696
2530, 2556, 2684
2724, 2691, 2417
2441, 2417, 2691
2644, 2556, 2516
2530, 2516, 2556
2535, 2689, 2583
2599, 2583, 2689
2568, 2566, 2492
2571, 2566, 2568
2595, 2657, 2561
2459, 2718, 2587
2481, 2718, 2459
2561, 2603, 2496
2571, 2441, 2691
2562, 2698, 2449
2627, 2575, 2590
2508, 2736, 2731
2701, 2737, 2582
2594, 2669, 2482
2736, 2527, 2660
2575, 2486, 2697
2511, 2565, 2488
2572, 2508, 2728
2637, 2563, 2634
2637, 2627, 2563
2615, 2581, 2661
2634, 2581, 2615
2615, 2580, 2634
2637, 2634, 2580
2515, 2573, 2477
2451, 2477, 2573
2410, 2543, 2485
2470, 2435, 2713
2419, 2456, 2745
2390, 2612, 2631
2576, 2513, 2450
2612, 2450, 2513
2435, 2436, 2713
2389, 2470, 2638
2717, 2658, 2636
2559, 2539, 2446
2438, 2446, 2539
2558, 2616, 2432
2647, 2652, 2646
2457, 2512, 2659
2565, 2700, 2528
2565, 2451, 2700
2465, 2457, 2752
2390, 2514, 2551
2514, 2477, 2551
2637, 2410, 2372
2599, 2555, 2264
2628, 2583, 2284
2555, 2559, 2606
2433, 2584, 2219
2252, 2465, 2752
2752, 2399, 2252
2701, 2647, 2327
2633, 2396, 2546
2632, 2558, 2569
2569, 2568, 2632
2284, 2459, 2628
2416, 2460, 2426
2460, 2650, 2241
2438, 2350, 2346
2404, 2530, 2684
2385, 2724, 2417
2583, 2599, 2418
2610, 2595, 2379
2519, 2380, 2386
2569, 2571, 2568
2532, 2471, 2462
2607, 2519, 2321
2449, 2445, 2331
2380, 2497, 2324
2471, 2607, 2321
2368, 2457, 2465
2397, 2457, 2368
2619, 2686, 2549
2461, 2545, 2501
2427, 2497, 2737
2737, 2701, 2427
2423, 2594, 2482
2482, 2527, 2423
2461, 2549, 2545
2283, 2572, 2486
2486, 2575, 2283
2627, 2637, 2372
2477, 2451, 2338
2485, 2403, 2478
2409, 2678, 2600
2600, 2520, 2409
2421, 2406, 2597
2435, 2470, 2421
2544, 2576, 2450
2359, 2419, 2576
2421, 2597, 2436
2436, 2435, 2421
2404, 2684, 2658
2517, 2433, 2219
2606, 2559, 2446
2432, 2610, 2379
2633, 2546, 2548
2479, 2517, 2219
2646, 2506, 2349
2503, 2457, 2397
2512, 2457, 2503
2451, 2565, 2605
2338, 2551, 2477
2327, 2427, 2701
2542, 2481, 2604
2542, 2604, 2467
2548, 2542, 2467
2548, 2467, 2633
2717, 2416, 2466
2476, 2426, 2460
2460, 2241, 2476
2650, 2374, 2342
2374, 2504, 2336
2413, 2644, 2516
2516, 2245, 2413
2245, 2516, 2530
2504, 2533, 2240
2583, 2418, 2284
2264, 2418, 2599
2533, 2724, 2290
2354, 2379, 2595
2350, 2414, 2199
2284, 2481, 2459
2284, 2282, 2481
2417, 2441, 2251
2417, 2251, 2385
2463, 2496, 2562
2199, 2414, 2644
2644, 2413, 2199
2302, 2441, 2571
2571, 2569, 2302
2331, 2445, 2532
2532, 2462, 2331
2595, 2561, 2354
2561, 2496, 2393
2384, 2562, 2449
2449, 2331, 2384
2471, 2321, 2462
2506, 2686, 2361
2506, 2361, 2349
2549, 2464, 2619
2398, 2501, 2594
2398, 2461, 2501
2497, 2427, 2324
2594, 2423, 2398
2549, 2461, 2464
2298, 2527, 2736
2736, 2362, 2298
2686, 2619, 2361
2443, 2410, 2485
2485, 2259, 2443
2485, 2478, 2259
2575, 2627, 2372
2249, 2403, 2405
2736, 2508, 2362
2508, 2572, 2373
2405, 2678, 2400
2452, 2520, 2406
2452, 2291, 2520
2357, 2456, 2419
2266, 2478, 2403
2389, 2456, 2521
2612, 2390, 2538
2538, 2450, 2612
2544, 2359, 2576
2470, 2437, 2421
2406, 2507, 2452
2453, 2470, 2389
2453, 2437, 2470
2520, 2291, 2409
2565, 2511, 2388
2473, 2388, 2511
2572, 2283, 2373
2466, 2658, 2717
2466, 2404, 2658
2346, 2395, 2438
2395, 2446, 2438
2302, 2558, 2432
2432, 2360, 2302
2432, 2379, 2360
2473, 2511, 2479
2479, 2219, 2473
2584, 2512, 2219
2503, 2219, 2512
2327, 2647, 2646
2646, 2349, 2327
2399, 2396, 2252
2451, 2605, 2338
2391, 2605, 2565
2585, 2450, 2538
2544, 2450, 2585
2342, 2374, 2336
2509, 2405, 2332
2266, 2403, 2249
2385, 2290, 2724
2551, 2402, 2390
2585, 2390, 2402
2538, 2390, 2585
2495, 2405, 2400
2495, 2332, 2405
2400, 2678, 2409
2241, 2650, 2342
2240, 2533, 2290
2381, 2397, 2368
2401, 2504, 2240
2234, 2441, 2302
2234, 2251, 2441
2354, 2561, 2393
2463, 2562, 2384
2393, 2496, 2463
2324, 2386, 2380
2252, 2368, 2465
2381, 2503, 2397
2373, 2362, 2508
2298, 2423, 2527
2283, 2575, 2363
2448, 2363, 2575
2448, 2575, 2372
2359, 2357, 2419
2521, 2453, 2389
2507, 2406, 2421
2249, 2405, 2509
2357, 2521, 2456
2372, 2410, 2448
2443, 2448, 2410
2633, 2252, 2396
2391, 2565, 2388
2569, 2558, 2302
2352, 2555, 2606
2352, 2264, 2555
2606, 2446, 2352
2395, 2352, 2446
2282, 2604, 2481
2199, 2346, 2350
2245, 2530, 2494
2426, 2466, 2416
2494, 2530, 2474
2404, 2474, 2530
2336, 2504, 2440
2401, 2440, 2504
2386, 2321, 2519
2444, 2348, 2364
2394, 2444, 2364
2500, 2348, 2444
2258, 2330, 2272
2382, 2330, 2233
2489, 2500, 2339
2489, 2348, 2500
2309, 2258, 2272
2272, 2330, 2382
2236, 2544, 2585
2472, 2345, 2342
2472, 2342, 2336
2048, 2383, 2509
2284, 2418, 2105
2236, 2585, 2402
2113, 2442, 2335
2113, 2439, 2442
2262, 2335, 2442
2383, 2335, 2262
2161, 2415, 2409
2409, 2291, 2161
2267, 2400, 2409
2120, 2335, 2383
2267, 2415, 2347
2409, 2415, 2267
2392, 2483, 2281
2293, 2483, 2392
2009, 2293, 2469
2483, 2293, 2009
2378, 2342, 2345
2378, 2241, 2342
2472, 2407, 2345
2281, 2407, 2472
2267, 2347, 2439
2085, 2381, 2368
2324, 2427, 2085
2094, 2444, 2394
2394, 2364, 2094
2500, 2444, 2094
2038, 2330, 2258
2155, 2401, 2240
2469, 2401, 2155
2011, 2233, 2330
2200, 2234, 2302
2379, 2354, 2157
2276, 2463, 2384
2384, 2331, 2276
2462, 2321, 2090
2080, 2324, 2270
2386, 2324, 2080
2368, 2252, 2085
2314, 2381, 2327
2503, 2381, 2314
2314, 2327, 2349
2176, 2349, 2361
2219, 2503, 2314
2167, 2461, 2398
2167, 2398, 2423
2423, 2298, 2167
2331, 2462, 2276
2420, 2464, 2461
2204, 2619, 2464
2059, 2373, 2283
1991, 2339, 2500
2128, 2291, 2452
2213, 2452, 2507
2453, 2521, 2099
2213, 2507, 2421
2421, 2437, 2213
2103, 2509, 2383
1949, 2442, 2439
2439, 2347, 1949
2437, 2453, 2213
2448, 2443, 2531
2204, 2361, 2619
2085, 2427, 2327
2327, 2381, 2085
2085, 2270, 2324
1977, 2391, 2388
2388, 2473, 1977
2264, 2352, 2356
2122, 2633, 2467
2352, 2395, 2172
2473, 2219, 2203
2200, 2302, 2360
2151, 2469, 2293
2151, 2401, 2469
2243, 2404, 2466
2466, 2426, 2243
2523, 2258, 2309
2039, 2494, 2474
2474, 2404, 2039
2395, 2346, 2163
2321, 2386, 2068
2509, 2332, 2067
2509, 2067, 2048
2139, 2105, 2418
2109, 2495, 2400
2400, 2319, 2109
2335, 2120, 2113
2048, 2120, 2383
2347, 2415, 2174
2161, 2174, 2415
2236, 2134, 2544
2281, 2472, 2392
2345, 2407, 2015
2345, 2015, 2378
2336, 2329, 2472
2145, 2240, 2290
2326, 2364, 2348
2290, 2385, 2013
2232, 2382, 2233
2080, 2455, 2386
2049, 2354, 2393
2393, 2299, 2049
2425, 2393, 2463
2463, 2276, 2425
2068, 2090, 2321
2176, 2314, 2349
2090, 2276, 2462
2167, 2420, 2461
2266, 2249, 2130
2420, 2204, 2464
2362, 2373, 2278
2070, 2283, 2363
2070, 2369, 2283
2076, 2478, 2266
2363, 2448, 2531
2428, 2489, 2339
2332, 2495, 2218
2287, 2298, 2362
2287, 2167, 2298
2267, 2319, 2400
2326, 2348, 2489
2094, 1991, 2500
2453, 2099, 2213
2318, 2249, 2509
2509, 2103, 2318
2128, 2161, 2291
2007, 2521, 2357
2007, 2140, 2521
2140, 2099, 2521
2174, 1949, 2347
2199, 2413, 2072
2261, 2072, 2413
2076, 2259, 2478
2357, 2359, 2182
2402, 2551, 2124
2402, 2124, 2236
2551, 2338, 2124
2359, 2544, 2134
2605, 2391, 2065
1977, 2065, 2391
2369, 2059, 2283
2338, 2605, 2065
2257, 2443, 2259
2257, 2531, 2443
2085, 2173, 2270
2270, 2173, 2080
2263, 2252, 2633
2633, 1941, 2263
2282, 2284, 2105
2282, 2105, 2239
2418, 2264, 2139
2356, 2139, 2264
2177, 2467, 2604
2177, 2122, 2467
2352, 2172, 2356
1990, 2407, 2281
1990, 2015, 2407
1990, 2281, 2483
2633, 2122, 1941
2239, 2604, 2282
2239, 2177, 2604
2009, 1990, 2483
2473, 2203, 1977
2046, 2346, 2199
2206, 2413, 2245
2123, 2245, 2494
2494, 2039, 2123
2157, 2152, 2379
2091, 2360, 2379
2379, 2152, 2091
2205, 2309, 2272
2243, 2039, 2404
2243, 2426, 2476
2330, 2038, 2011
2156, 2272, 2382
2180, 2336, 2440
2180, 2329, 2336
2210, 2440, 2401
2395, 2163, 2172
2251, 2234, 2091
2200, 2091, 2234
2455, 2068, 2386
2243, 2476, 2241
2241, 2378, 2243
2385, 2251, 2013
2118, 2275, 2233
2230, 2233, 2273
2260, 2249, 2254
2009, 2469, 2001
2001, 2469, 2155
2274, 2240, 2019
2130, 2249, 2168
2260, 2168, 2249
2145, 2290, 2159
2151, 2150, 2401
2091, 2013, 2251
2065, 2124, 2338
2184, 2258, 2523
2184, 2175, 2258
2175, 2038, 2258
2076, 2257, 2259
2155, 2240, 2274
2292, 2240, 2145
2227, 2233, 2230
2227, 2232, 2233
2248, 2266, 2130
2218, 2339, 2067
1991, 2067, 2339
2180, 2309, 2205
2210, 2309, 2180
2210, 2401, 2523
2392, 2151, 2293
2133, 2118, 2233
2269, 2233, 2344
2344, 2233, 2275
1949, 2262, 2442
2248, 2076, 2266
2134, 2189, 2359
2189, 2083, 2359
2262, 2103, 2383
2109, 2339, 2218
2428, 2339, 2109
2128, 2452, 2213
2071, 2007, 2357
2083, 2182, 2359
2070, 2363, 2257
2531, 2257, 2363
2203, 2219, 2313
2313, 2219, 2314
2059, 2278, 2373
2278, 2286, 2362
2254, 2249, 2318
2428, 2326, 2489
2182, 2071, 2357
2218, 2495, 2109
2113, 2267, 2439
2067, 2332, 2218
2133, 2233, 2164
2159, 2290, 2306
2013, 2306, 2290
2200, 2360, 2091
2299, 2393, 2425
2157, 2354, 2049
2263, 2085, 2252
2286, 2287, 2362
2176, 2361, 2204
2292, 2019, 2240
2163, 2346, 2046
2094, 2364, 2188
2326, 2188, 2364
2046, 2199, 2072
2206, 2245, 2123
2523, 2309, 2210
1994, 2233, 2079
2341, 2233, 1994
2164, 2233, 2011
2196, 2233, 2341
2273, 2233, 2353
2232, 2156, 2382
2523, 2401, 2184
2150, 2184, 2401
2079, 2233, 2269
2180, 2440, 2210
2156, 2205, 2272
2196, 2353, 2233
2261, 2413, 2206
2230, 2275, 2118
2230, 2273, 2275
2344, 2196, 2269
2344, 2275, 2353
2196, 2341, 2269
2273, 2353, 2275
2079, 2269, 2341
2344, 2353, 2196
2178, 2073, 1993
2185, 2073, 2178
2093, 2145, 2159
2168, 2138, 2130
2365, 2130, 2169
2292, 2145, 2093
2320, 2129, 2168
2137, 2129, 2320
2198, 2253, 2170
2171, 2253, 2198
2322, 2296, 2212
2137, 2296, 2322
2064, 2100, 2179
2308, 2100, 2064
2295, 2312, 2095
2248, 2130, 2365
2027, 2159, 2306
2279, 2027, 2306
2086, 1993, 2026
2130, 2138, 2169
2170, 2253, 2165
2126, 2377, 2162
2095, 2201, 2036
2044, 2201, 2095
2212, 2312, 2295
2165, 2253, 2190
2211, 2160, 2179
2054, 2160, 2211
2036, 2295, 2095
2295, 2322, 2212
2162, 2209, 2126
1960, 2160, 2054
2022, 2279, 2308
2322, 2129, 2137
2162, 2377, 2429
2078, 2115, 2193
2054, 2073, 1960
2162, 2429, 2231
2171, 2198, 2209
2209, 2198, 2126
2108, 2323, 2092
2092, 2411, 2108
2429, 2201, 2044
2244, 2115, 2078
2193, 2115, 2058
2058, 2115, 2311
2041, 2193, 2058
2078, 2108, 2244
2260, 2320, 2168
2108, 2411, 2244
2231, 2429, 2044
2092, 2323, 2365
2365, 2323, 2248
1960, 2073, 2185
2022, 2027, 2279
2178, 1993, 2086
2308, 2064, 2022
2093, 2159, 2027
2179, 2100, 2211
2185, 2178, 1898
2117, 2340, 1805
1836, 2001, 2195
1803, 2195, 2001
1896, 2237, 2130
1818, 2148, 2145
1935, 2159, 2145
2093, 2159, 1935
2013, 2091, 1894
1833, 2158, 2303
2141, 2158, 1833
1833, 2303, 2148
1805, 2112, 2117
2175, 2184, 2144
2038, 2175, 2101
1870, 2148, 2303
1896, 2340, 2237
1896, 2138, 2168
2060, 2169, 2130
2365, 2169, 2060
1882, 2141, 2195
2292, 2093, 1935
1935, 2145, 2148
1990, 2009, 1987
2137, 2320, 2490
2198, 2170, 2023
2023, 2253, 2171
2062, 2296, 2137
2064, 2179, 2187
2089, 2227, 2230
2232, 2227, 2089
2084, 2095, 2312
1926, 2130, 2237
2086, 2026, 1849
1975, 2180, 2205
2102, 2472, 2329
2392, 2472, 2102
2151, 2392, 2102
2089, 2230, 2118
2118, 2133, 2089
1896, 2169, 2138
2130, 2169, 1896
2170, 2165, 2023
2023, 2377, 2126
2181, 2036, 2201
2084, 2312, 2212
2023, 2190, 2253
2165, 2190, 2023
2187, 2179, 2160
1970, 2322, 2295
2023, 2209, 2162
2061, 2160, 1960
2032, 2429, 2377
2171, 2209, 2023
2023, 2126, 2198
1815, 2237, 2340
1815, 2117, 2112
1815, 2340, 2117
1932, 2428, 2109
2055, 2099, 2140
2055, 2128, 2213
2213, 2099, 2055
2055, 2161, 2128
1924, 2070, 2257
1874, 2203, 2313
1874, 2313, 2314
2314, 2176, 1874
2431, 2204, 2420
2111, 2411, 2092
2032, 2201, 2429
2023, 2311, 2115
2058, 2311, 2023
2041, 2058, 2012
2004, 2244, 2411
1930, 2369, 2070
2326, 2428, 2031
2030, 2109, 2319
1942, 2319, 2267
2267, 2113, 1942
2092, 2365, 2060
2089, 2133, 2164
1960, 2185, 1898
1837, 2303, 2158
2091, 2152, 1891
2090, 2068, 1954
2276, 2090, 1966
1966, 2299, 2425
2425, 2276, 1966
2068, 2455, 1863
1893, 2455, 2080
1841, 2080, 2173
2263, 1941, 1958
1958, 2173, 2085
2085, 2263, 1958
2178, 2086, 1849
2104, 2167, 2287
2287, 2286, 2104
1920, 2177, 2239
2104, 2420, 2167
1973, 2094, 2188
2188, 2326, 1973
2378, 2015, 1817
2123, 2039, 1933
1927, 2039, 2243
2243, 2378, 1927
1955, 1994, 2079
1955, 2341, 1994
2079, 2341, 1955
2156, 2232, 2183
2098, 2159, 2093
2093, 2027, 2098
2184, 2150, 2110
1986, 2329, 2180
2205, 2156, 2146
2152, 2157, 1891
1849, 1898, 2178
1896, 1805, 2340
2274, 2019, 2144
2274, 2144, 2317
2145, 2159, 2098
2145, 2098, 1818
1894, 2132, 2013
2144, 2101, 2175
2148, 1818, 1833
1803, 1882, 2195
1870, 1935, 2148
1990, 1987, 1890
1837, 2158, 2141
2141, 1882, 1837
1896, 2168, 2129
2318, 2103, 2143
2130, 1926, 2060
2027, 2045, 2098
1867, 2026, 1993
2001, 2155, 2114
2155, 2274, 2110
2317, 2110, 2274
1986, 2102, 2329
2044, 2095, 1968
2322, 1970, 2062
2005, 2308, 2279
1896, 2129, 2322
2490, 2062, 2137
2023, 2032, 2377
2212, 2296, 2033
2162, 2231, 1914
1959, 2076, 2248
2142, 1991, 2094
2262, 1949, 1982
2113, 2120, 2077
1805, 1897, 2112
2035, 2103, 2262
2140, 2007, 2043
2140, 2043, 2055
2000, 2182, 2083
2083, 1852, 2000
2083, 2189, 1852
2053, 1852, 2189
2189, 2134, 2053
2236, 2124, 1946
2236, 1946, 1876
2174, 2161, 1910
1904, 1910, 2161
1964, 1949, 2174
2174, 1910, 1964
2278, 2059, 1808
1930, 2059, 2369
2078, 2193, 2016
1876, 2134, 2236
1876, 1974, 2134
2119, 2254, 2318
2119, 2042, 2254
1959, 2323, 2108
2032, 2115, 2244
2032, 2023, 2115
2286, 2278, 2194
2295, 2036, 1970
2016, 2193, 2041
2023, 2012, 2058
1959, 2108, 2078
2244, 2004, 2032
2490, 2320, 2260
2257, 2076, 1924
2040, 1924, 2076
1924, 1930, 2070
1914, 2231, 2044
1932, 2031, 2428
2067, 1991, 2119
2003, 2071, 2182
2003, 2043, 2071
2109, 2030, 1932
2065, 1977, 2025
1834, 2025, 1977
2319, 1961, 2030
2319, 1942, 1961
2120, 2048, 2035
2143, 2048, 2067
2067, 2149, 2143
1959, 2248, 2323
2279, 2306, 2107
2073, 2054, 2191
2054, 2211, 2191
1993, 2073, 1931
2150, 2151, 2114
2107, 2306, 2013
1981, 2027, 2022
2091, 1891, 1894
1954, 1966, 2090
2068, 1978, 1954
2068, 1863, 1978
1842, 2157, 2049
1893, 1863, 2455
1918, 1977, 2203
2176, 1848, 1874
2176, 2018, 1848
2173, 1958, 1841
1815, 1926, 2237
2049, 2299, 1966
2260, 2254, 2042
2239, 2105, 2024
2239, 2024, 1920
2047, 2122, 2177
2105, 1851, 2024
2105, 2139, 1996
2105, 1996, 1851
1841, 1893, 2080
1846, 1941, 2122
2008, 2176, 2204
2008, 2018, 2176
2431, 1985, 2204
1985, 2008, 2204
1837, 1870, 2303
2101, 2019, 2292
2292, 1935, 2101
2139, 2356, 2063
2420, 2104, 2431
1911, 2163, 2046
1911, 1869, 2163
2031, 1973, 2326
2029, 2046, 2072
2072, 1884, 2029
2007, 2071, 2043
2124, 2065, 1908
2025, 1908, 2065
2009, 2001, 1969
1836, 1969, 2001
1826, 1817, 2015
2206, 2123, 2034
1933, 2034, 2123
2039, 1927, 1933
2208, 2356, 2172
2172, 1887, 2208
1861, 2072, 2261
2261, 2034, 1861
1887, 2172, 2163
2202, 2164, 2011
2089, 2057, 2232
2197, 2022, 2064
2057, 2183, 2232
2081, 2195, 2141
2141, 1833, 2081
2100, 2308, 2005
1890, 2015, 1990
1890, 1826, 2015
1975, 1986, 2180
2005, 2211, 2100
2205, 2146, 1975
2021, 2011, 2038
2156, 2183, 2146
2034, 2261, 2206
2142, 2062, 1991
2077, 1982, 2113
1982, 1942, 2113
2089, 2164, 2061
2119, 2318, 2149
2143, 2103, 2035
2035, 2048, 2143
2166, 2064, 2187
2202, 2064, 2166
2166, 2160, 2061
2187, 2160, 2166
2084, 2212, 2033
1972, 2151, 2102
1972, 2114, 2151
1972, 2001, 2114
1972, 1803, 2001
2114, 2110, 2150
2033, 2094, 2084
2111, 2036, 2181
2111, 1970, 2036
1968, 2095, 2084
2119, 2149, 2067
2142, 2296, 2062
2142, 2033, 2296
2023, 2162, 1914
2181, 2201, 2004
2032, 2004, 2201
2166, 2164, 2202
2061, 2164, 2166
2202, 2197, 2064
1914, 2094, 1973
1968, 2094, 1914
2111, 2092, 1970
2060, 1970, 2092
2042, 1991, 2490
2042, 2119, 1991
2062, 2490, 1991
2490, 2260, 2042
2084, 2094, 1968
2202, 2011, 2197
2005, 2191, 2211
2132, 2073, 2191
2197, 2011, 1981
1981, 2022, 2197
1959, 2078, 2040
1964, 2305, 1949
2077, 2120, 2035
2035, 2262, 2077
2149, 2318, 2143
1917, 2011, 1971
1917, 1981, 2011
1971, 2011, 2021
2005, 2279, 2107
2005, 2013, 2191
2107, 2013, 2005
2144, 2019, 2101
1955, 2026, 1963
1952, 2026, 1885
2191, 2013, 2132
2089, 1960, 1898
2061, 1960, 2089
2077, 2262, 1982
2016, 2041, 1939
2012, 1792, 2041
2114, 2155, 2110
1967, 1994, 1963
1886, 1994, 1967
2040, 2076, 1959
2040, 2078, 1924
2016, 1924, 2078
1815, 2112, 1897
2181, 2411, 2111
2004, 2411, 2181
1896, 2322, 2062
1939, 2041, 1907
1914, 2044, 1968
2051, 2041, 1878
1792, 1878, 2041
1907, 2041, 2051
1808, 2059, 1930
2142, 2094, 2033
1974, 2053, 2134
1982, 1949, 1942
2305, 1942, 1949
2000, 2003, 2182
1904, 2161, 2087
2055, 2087, 2161
1946, 2124, 1921
1921, 2124, 1908
1915, 2203, 1874
1918, 2203, 1915
1987, 2009, 1989
1969, 1989, 2009
1917, 2027, 1981
1917, 2045, 2027
1867, 1993, 1931
1885, 2026, 1867
1967, 2026, 1923
1963, 2026, 1967
1963, 1994, 1955
1787, 1955, 1994
2317, 2184, 2110
2317, 2144, 2184
2050, 1994, 1886
2050, 1787, 1994
1923, 2026, 1952
1955, 1849, 2026
1808, 2194, 2278
1842, 2049, 1966
1891, 2157, 1842
2194, 2104, 2286
1894, 2073, 2132
1894, 1931, 2073
1953, 1958, 1941
1920, 2047, 2177
1846, 1953, 1941
2047, 1846, 2122
2063, 1996, 2139
1834, 1977, 1918
2208, 2063, 2356
1884, 2072, 1861
1817, 1927, 2378
1911, 2046, 2029
2081, 1836, 2195
1935, 2038, 2101
2021, 2038, 1935
1887, 2163, 1869
2431, 2194, 1985
2431, 2104, 2194
2021, 1935, 1917
1896, 2062, 1970
1917, 1971, 2021
2096, 2051, 1878
1875, 2031, 1932
1766, 1961, 1942
1995, 1986, 1975
1854, 2057, 2089
1912, 1818, 2098
1912, 2098, 2045
1912, 1917, 1935
1800, 1972, 2102
1803, 1972, 1800
1896, 1970, 1903
1738, 2023, 1914
2060, 1926, 1903
1877, 1914, 1973
1970, 2060, 1903
2305, 1964, 1766
1805, 1896, 1951
1825, 1932, 2030
1824, 1952, 1885
1792, 2012, 1776
1824, 1886, 1967
1800, 2102, 1986
1957, 1907, 2051
2012, 2023, 1727
1957, 2051, 2096
2096, 1878, 1957
1825, 2030, 1961
1942, 2305, 1766
1973, 2031, 1877
2055, 2043, 1809
1773, 1904, 2087
2087, 2055, 1773
2025, 1834, 1765
1830, 1915, 1874
1880, 1987, 1989
1989, 1969, 1880
1938, 1975, 2146
2146, 2183, 1938
2045, 1917, 1912
1879, 1885, 1867
1824, 1967, 1923
1821, 1898, 1849
1824, 2050, 1886
1787, 2050, 1824
1824, 1923, 1952
1978, 1863, 1777
1777, 1966, 1954
1954, 1978, 1777
1844, 1985, 2194
2194, 1808, 1844
1777, 1842, 1966
1931, 1894, 1900
1853, 1841, 1958
1958, 1953, 1853
1844, 2008, 1985
2047, 1920, 1838
1953, 1846, 1778
1785, 2024, 1851
1752, 1834, 1918
1796, 1933, 1927
1927, 1817, 1796
1796, 2034, 1933
2183, 2057, 1854
1906, 1935, 1870
1738, 1727, 2023
1926, 1872, 1903
1858, 1875, 1932
1932, 1825, 1858
1870, 1837, 1899
1912, 1906, 1818
1882, 1803, 1862
1995, 2147, 1986
2147, 1800, 1986
1888, 1766, 1964
1897, 1805, 1832
1815, 1897, 1832
1872, 1926, 1815
2016, 1939, 1831
1877, 1738, 1914
1930, 1924, 1831
1924, 2016, 1831
2012, 1727, 1776
1878, 1792, 1797
1878, 1797, 1957
1766, 1825, 1961
1888, 1964, 1910
1910, 1802, 1888
1875, 1877, 2031
2043, 2003, 1945
2043, 1945, 1809
2003, 2000, 1945
2000, 1852, 1984
2000, 1984, 1945
1809, 1773, 2055
1773, 1910, 1904
1773, 1802, 1910
1939, 1907, 1784
1957, 1784, 1907
1852, 2053, 1889
2053, 1974, 1816
2053, 1816, 1889
1974, 1876, 1816
1876, 1946, 1775
1913, 1775, 1946
1913, 1946, 1921
1921, 1747, 1913
1808, 1865, 1844
1808, 1930, 1732
1752, 1918, 1915
1915, 1830, 1752
1921, 1908, 1747
1774, 1747, 1908
1848, 2018, 1744
1848, 1744, 1948
2018, 2008, 1744
1844, 1744, 2008
1975, 1938, 1839
1880, 1822, 1987
1845, 1837, 1882
1845, 1899, 1837
1845, 2081, 1833
2183, 1854, 1938
2089, 1898, 1821
2089, 1821, 1854
1900, 1867, 1931
1885, 1879, 1824
1955, 1787, 1843
1843, 1849, 1955
1843, 1821, 1849
1936, 1891, 1842
1842, 1777, 1751
1863, 1893, 1840
1863, 1840, 1777
1840, 1893, 1841
1841, 1853, 1840
1953, 1778, 1853
1920, 2024, 1999
1847, 1846, 2047
2047, 1838, 1847
1740, 1851, 1996
1740, 1785, 1851
1908, 2025, 1774
1765, 1774, 2025
2024, 1785, 1999
1874, 1848, 1948
1874, 1948, 1830
1782, 2063, 2208
1782, 1768, 2063
1996, 2063, 1768
1996, 1768, 1740
2029, 1884, 1871
1871, 1884, 1861
1871, 1861, 2034
2034, 1796, 1871
1782, 2208, 1887
1757, 1911, 2029
2029, 1871, 1757
1817, 1826, 1743
1817, 1743, 1796
1826, 1890, 1822
1826, 1822, 1819
1975, 1839, 1995
1800, 1969, 1836
1836, 1857, 1800
1857, 1836, 2081
1762, 1869, 1911
1833, 1818, 1906
1762, 1887, 1869
1826, 1819, 1743
1814, 1894, 1891
1890, 1987, 1822
1909, 1930, 1831
1829, 1930, 1909
1909, 1939, 1723
1831, 1939, 1909
1880, 1969, 1800
1857, 1803, 1800
1857, 1862, 1803
1845, 1833, 1899
1906, 1899, 1833
1872, 1896, 1903
1872, 1951, 1896
1832, 1805, 1951
1784, 1723, 1939
1845, 1882, 1862
1906, 1870, 1899
1862, 2081, 1845
1862, 1857, 2081
1872, 1815, 1951
1832, 1951, 1815
1816, 1876, 1775
1765, 1834, 1752
1733, 1732, 1930
1865, 1808, 1812
1732, 1812, 1808
1829, 1733, 1930
1776, 1797, 1792
1889, 1984, 1852
1814, 1867, 1900
1900, 1894, 1814
1814, 1891, 1855
1780, 1855, 1891
1823, 1787, 1824
1823, 1843, 1787
1855, 1867, 1814
1855, 1866, 1867
1912, 1935, 1906
1936, 1842, 1799
1751, 1799, 1842
1866, 1879, 1867
1847, 1778, 1846
1999, 1838, 1920
1762, 1782, 1887
1762, 1911, 1757
1780, 1891, 1936
1705, 1858, 1825
1756, 1825, 1766
1786, 1829, 1909
1633, 1880, 1800
1822, 1880, 1633
1759, 2147, 1995
1877, 1875, 1734
1875, 1858, 1735
1759, 1800, 2147
1839, 1938, 1719
1919, 1888, 1802
1783, 1809, 1945
1919, 1802, 1773
1773, 1809, 1919
1703, 1816, 1775
1775, 1913, 1703
1646, 1765, 1752
1948, 1744, 1760
1662, 1865, 1812
1812, 1732, 1662
1662, 1844, 1865
1755, 1784, 1957
1794, 1957, 1797
1748, 1871, 1796
1707, 1796, 1743
1759, 1995, 1839
1855, 1780, 1668
1716, 1824, 1879
1813, 1823, 1824
1843, 1823, 1813
1866, 1855, 1668
1751, 1777, 1725
1663, 1936, 1799
1799, 1751, 1663
1879, 1866, 1668
1692, 1840, 1853
1700, 1853, 1778
1838, 1999, 1742
1999, 1785, 1651
1881, 1785, 1740
1727, 1738, 1806
1798, 1819, 1822
1757, 1871, 1748
1825, 1756, 1705
1800, 1759, 1633
1633, 1798, 1822
1909, 1723, 1786
1705, 1735, 1858
1738, 1877, 1710
1734, 1710, 1877
1875, 1735, 1734
1670, 1766, 1888
1670, 1756, 1766
1889, 1816, 1688
1721, 1688, 1816
1809, 1789, 1919
1783, 1789, 1809
1913, 1747, 1764
1827, 1764, 1747
1888, 1919, 1670
1765, 1646, 1675
1752, 1830, 1737
1830, 1948, 1737
1760, 1737, 1948
1827, 1747, 1774
1723, 1784, 1807
1755, 1807, 1784
1744, 1761, 1760
1744, 1844, 1629
1744, 1629, 1761
1957, 1794, 1755
1797, 1776, 1724
1781, 1945, 1984
1781, 1783, 1945
1781, 1984, 1889
1796, 1707, 1748
1743, 1819, 1795
1743, 1795, 1707
1938, 1854, 1771
1938, 1771, 1719
1854, 1821, 1810
1672, 1810, 1821
1716, 1813, 1824
1696, 1821, 1843
1839, 1719, 1759
1879, 1668, 1716
1732, 1733, 1793
1732, 1793, 1662
1774, 1765, 1714
1675, 1714, 1765
1853, 1700, 1692
1720, 1778, 1847
1720, 1700, 1778
1733, 1829, 1786
1847, 1838, 1742
1847, 1742, 1720
1749, 1777, 1840
1999, 1651, 1742
1828, 1740, 1768
1724, 1776, 1727
1727, 1806, 1724
1729, 1768, 1782
1782, 1762, 1729
1697, 1762, 1757
1757, 1748, 1697
1717, 1780, 1936
1936, 1663, 1717
1725, 1663, 1751
1794, 1797, 1873
1724, 1873, 1797
1806, 1738, 1710
1713, 1723, 1807
1786, 1723, 1713
1703, 1721, 1816
1688, 1781, 1889
1827, 1774, 1714
1703, 1913, 1764
1677, 1793, 1733
1713, 1733, 1786
1677, 1733, 1713
1706, 1768, 1729
1828, 1768, 1706
1798, 1795, 1819
1881, 1651, 1785
1810, 1771, 1854
1696, 1843, 1813
1672, 1821, 1696
1668, 1780, 1731
1717, 1731, 1780
1646, 1752, 1709
1737, 1709, 1752
1725, 1777, 1749
1662, 1629, 1844
1749, 1840, 1736
1692, 1736, 1840
1881, 1740, 1788
1828, 1788, 1740
1729, 1762, 1697
1573, 1755, 1794
1641, 1794, 1873
1873, 1724, 1641
1734, 1735, 1689
1586, 1713, 1807
1546, 1705, 1756
1678, 1919, 1789
1624, 1783, 1781
1781, 1688, 1624
1714, 1675, 1655
1760, 1761, 1687
1737, 1760, 1671
1605, 1662, 1793
1793, 1677, 1605
1604, 1677, 1713
1560, 1706, 1729
1748, 1707, 1682
1669, 1707, 1795
1555, 1719, 1771
1654, 1696, 1813
1813, 1716, 1654
1716, 1668, 1660
1731, 1717, 1602
1709, 1737, 1671
1687, 1761, 1629
1614, 1700, 1720
1661, 1692, 1700
1736, 1692, 1661
1505, 1729, 1697
1605, 1506, 1662
1794, 1641, 1573
1735, 1705, 1689
1546, 1689, 1705
1580, 1806, 1710
1710, 1561, 1580
1561, 1710, 1734
1693, 1756, 1670
1670, 1919, 1645
1678, 1645, 1919
1728, 1789, 1783
1728, 1678, 1789
1718, 1724, 1806
1718, 1641, 1724
1721, 1703, 1630
1783, 1624, 1728
1657, 1688, 1721
1657, 1624, 1688
1767, 1703, 1764
1767, 1630, 1703
1638, 1764, 1827
1638, 1767, 1764
1687, 1671, 1760
1756, 1693, 1546
1573, 1611, 1755
1807, 1755, 1586
1611, 1586, 1755
1586, 1604, 1713
1677, 1604, 1605
1712, 1828, 1706
1706, 1560, 1712
1707, 1669, 1682
1795, 1798, 1635
1795, 1635, 1669
1599, 1798, 1633
1772, 1633, 1759
1759, 1618, 1772
1827, 1714, 1606
1655, 1606, 1714
1759, 1719, 1618
1555, 1618, 1719
1810, 1672, 1684
1810, 1684, 1571
1684, 1672, 1696
1696, 1654, 1684
1771, 1810, 1612
1771, 1612, 1555
1716, 1660, 1654
1602, 1717, 1663
1602, 1663, 1725
1666, 1725, 1749
1602, 1690, 1731
1668, 1731, 1715
1690, 1715, 1731
1675, 1646, 1681
1675, 1681, 1516
1620, 1629, 1662
1742, 1651, 1563
1614, 1661, 1700
1552, 1749, 1736
1736, 1661, 1552
1570, 1788, 1828
1651, 1881, 1529
1881, 1788, 1590
1881, 1590, 1529
1646, 1709, 1615
1671, 1615, 1709
1616, 1697, 1748
1616, 1505, 1697
1720, 1742, 1557
1720, 1557, 1614
1580, 1718, 1806
1561, 1734, 1642
1689, 1642, 1734
1693, 1670, 1577
1645, 1577, 1670
1516, 1655, 1675
1630, 1657, 1721
1638, 1827, 1606
1681, 1646, 1615
1506, 1620, 1662
1620, 1521, 1629
1682, 1667, 1748
1667, 1616, 1748
1560, 1729, 1505
1599, 1635, 1798
1564, 1599, 1633
1772, 1564, 1633
1571, 1612, 1810
1666, 1602, 1725
1660, 1668, 1578
1715, 1578, 1668
1666, 1749, 1543
1552, 1543, 1749
1529, 1563, 1651
1563, 1557, 1742
1687, 1629, 1549
1521, 1549, 1629
1712, 1570, 1828
1570, 1590, 1788
1699, 1711, 1741
1658, 1626, 1644
1647, 1628, 1658
1708, 1489, 1656
1656, 1489, 1526
1650, 1699, 1741
1568, 1650, 1741
1658, 1628, 1626
1702, 1650, 1568
1608, 1702, 1568
1644, 1626, 1741
1679, 1526, 1525
1610, 1526, 1679
1610, 1683, 1526
1741, 1711, 1644
1585, 1550, 1528
1656, 1595, 1708
1581, 1610, 1679
1574, 1581, 1679
1708, 1595, 1811
1526, 1683, 1656
1574, 1550, 1585
1585, 1581, 1574
1544, 1702, 1608
1537, 1711, 1699
1582, 1628, 1647
1647, 1658, 1582
1542, 1573, 1641
1575, 1641, 1718
1718, 1580, 1575
1554, 1489, 1708
1608, 1568, 1532
1401, 1741, 1626
1433, 1689, 1546
1481, 1728, 1624
1655, 1516, 1515
1473, 1638, 1606
1634, 1678, 1728
1615, 1671, 1490
1671, 1687, 1519
1461, 1506, 1605
1667, 1682, 1446
1593, 1505, 1616
1616, 1667, 1593
1388, 1682, 1669
1635, 1599, 1556
1462, 1772, 1618
1654, 1660, 1522
1578, 1715, 1496
1690, 1602, 1478
1639, 1525, 1526
1354, 1605, 1604
1500, 1661, 1614
1451, 1614, 1557
1585, 1528, 1447
1507, 1687, 1549
1472, 1529, 1590
1552, 1661, 1539
1574, 1679, 1753
1554, 1811, 1595
1708, 1811, 1554
1619, 1656, 1683
1447, 1581, 1585
1484, 1702, 1544
1641, 1533, 1542
1641, 1575, 1533
1656, 1619, 1559
1676, 1526, 1489
1565, 1699, 1650
1466, 1626, 1628
1628, 1582, 1466
1601, 1650, 1702
1601, 1569, 1650
1569, 1565, 1650
1588, 1401, 1626
1658, 1644, 1374
1376, 1561, 1642
1642, 1689, 1376
1607, 1693, 1577
1577, 1453, 1607
1577, 1645, 1453
1645, 1678, 1540
1567, 1540, 1678
1624, 1657, 1643
1624, 1643, 1481
1657, 1630, 1513
1657, 1513, 1643
1435, 1767, 1638
1435, 1551, 1767
1630, 1767, 1551
1481, 1634, 1728
1477, 1681, 1615
1615, 1490, 1477
1687, 1507, 1519
1653, 1620, 1506
1565, 1521, 1620
1609, 1444, 1521
1471, 1586, 1611
1568, 1741, 1592
1580, 1561, 1545
1442, 1712, 1560
1560, 1492, 1442
1446, 1593, 1667
1492, 1560, 1505
1682, 1388, 1446
1405, 1669, 1635
1635, 1556, 1405
1599, 1564, 1469
1405, 1388, 1669
1432, 1618, 1555
1564, 1772, 1394
1462, 1394, 1772
1432, 1555, 1612
1612, 1571, 1409
1558, 1571, 1684
1684, 1654, 1558
1504, 1558, 1654
1654, 1522, 1504
1652, 1660, 1578
1578, 1496, 1652
1579, 1478, 1602
1441, 1715, 1690
1690, 1478, 1441
1511, 1683, 1610
1511, 1619, 1683
1605, 1354, 1461
1494, 1604, 1586
1494, 1354, 1604
1477, 1516, 1681
1671, 1427, 1490
1671, 1519, 1427
1543, 1552, 1597
1539, 1597, 1552
1531, 1644, 1711
1614, 1451, 1500
1535, 1557, 1563
1535, 1451, 1557
1431, 1528, 1550
1666, 1543, 1622
1444, 1549, 1521
1444, 1507, 1549
1456, 1570, 1712
1606, 1655, 1517
1606, 1517, 1473
1471, 1611, 1573
1573, 1411, 1471
1573, 1542, 1411
1452, 1590, 1570
1452, 1472, 1590
1458, 1595, 1656
1458, 1554, 1595
1397, 1610, 1581
1500, 1539, 1661
1602, 1600, 1579
1602, 1613, 1600
1602, 1666, 1584
1563, 1529, 1474
1563, 1474, 1535
1648, 1550, 1574
1574, 1753, 1648
1433, 1546, 1693
1679, 1525, 1753
1532, 1386, 1608
1386, 1544, 1608
1468, 1602, 1639
1613, 1602, 1468
1401, 1592, 1741
1486, 1489, 1414
1676, 1489, 1486
1569, 1521, 1565
1387, 1609, 1521
1531, 1711, 1537
1484, 1601, 1702
1601, 1521, 1569
1601, 1387, 1521
1547, 1525, 1622
1468, 1526, 1632
1639, 1526, 1468
1639, 1602, 1584
1498, 1414, 1489
1648, 1431, 1550
1378, 1644, 1531
1378, 1512, 1644
1491, 1506, 1534
1545, 1561, 1376
1575, 1580, 1545
1376, 1689, 1433
1453, 1645, 1540
1567, 1678, 1634
1473, 1435, 1638
1515, 1517, 1655
1551, 1513, 1630
1515, 1516, 1477
1433, 1693, 1607
1461, 1465, 1506
1537, 1699, 1653
1565, 1653, 1699
1653, 1506, 1537
1531, 1506, 1491
1531, 1537, 1506
1592, 1532, 1568
1484, 1544, 1437
1464, 1509, 1544
1463, 1464, 1544
1499, 1544, 1424
1509, 1520, 1544
1493, 1439, 1528
1523, 1528, 1431
1424, 1544, 1495
1520, 1495, 1544
1584, 1666, 1622
1424, 1528, 1523
1753, 1525, 1648
1547, 1648, 1525
1622, 1543, 1547
1487, 1547, 1543
1397, 1511, 1610
1495, 1528, 1424
1495, 1493, 1528
1437, 1544, 1499
1438, 1447, 1528
1622, 1525, 1584
1639, 1584, 1525
1456, 1452, 1570
1442, 1456, 1712
1455, 1474, 1529
1469, 1556, 1599
1455, 1529, 1472
1462, 1618, 1432
1409, 1571, 1558
1522, 1660, 1502
1652, 1502, 1660
1394, 1469, 1564
1496, 1715, 1441
1439, 1438, 1528
1498, 1489, 1400
1400, 1489, 1554
1559, 1458, 1656
1632, 1526, 1676
1597, 1487, 1543
1386, 1463, 1544
1465, 1534, 1506
1512, 1374, 1644
1588, 1626, 1466
1447, 1397, 1581
1492, 1505, 1636
1593, 1636, 1505
1565, 1620, 1653
1582, 1658, 1396
1374, 1396, 1658
1471, 1494, 1586
1432, 1612, 1409
1632, 1486, 1468
1676, 1486, 1632
1531, 1491, 1378
1480, 1468, 1486
1369, 1378, 1491
1425, 1613, 1468
1592, 1401, 1389
1609, 1387, 1333
1444, 1609, 1333
1601, 1484, 1443
1387, 1601, 1443
1600, 1613, 1425
1414, 1498, 1402
1431, 1648, 1445
1512, 1378, 1382
1369, 1491, 1534
1416, 1545, 1376
1267, 1575, 1545
1533, 1575, 1267
1347, 1453, 1540
1351, 1567, 1634
1334, 1481, 1643
1643, 1513, 1334
1384, 1551, 1435
1316, 1473, 1517
1517, 1515, 1316
1477, 1490, 1408
1465, 1461, 1381
1532, 1592, 1389
1386, 1532, 1311
1443, 1484, 1437
1509, 1464, 1508
1464, 1463, 1421
1439, 1493, 1285
1495, 1520, 1449
1648, 1547, 1445
1511, 1397, 1368
1579, 1600, 1425
1493, 1495, 1285
1429, 1539, 1500
1452, 1456, 1377
1309, 1451, 1535
1306, 1388, 1405
1313, 1405, 1556
1556, 1469, 1313
1490, 1427, 1393
1294, 1455, 1472
1310, 1409, 1558
1558, 1504, 1310
1502, 1652, 1483
1478, 1579, 1425
1504, 1522, 1310
1593, 1446, 1324
1483, 1652, 1496
1399, 1496, 1441
1438, 1439, 1327
1372, 1554, 1458
1487, 1597, 1430
1534, 1465, 1381
1374, 1512, 1382
1397, 1447, 1434
1364, 1492, 1636
1636, 1593, 1364
1379, 1471, 1411
1304, 1582, 1396
1318, 1354, 1494
1494, 1471, 1318
1480, 1425, 1468
1414, 1402, 1330
1416, 1267, 1545
1433, 1323, 1380
1376, 1433, 1380
1415, 1607, 1453
1415, 1323, 1607
1540, 1567, 1357
1540, 1357, 1347
1440, 1513, 1551
1440, 1334, 1513
1515, 1329, 1316
1426, 1515, 1477
1477, 1408, 1426
1323, 1433, 1607
1634, 1460, 1351
1427, 1519, 1423
1427, 1423, 1393
1532, 1389, 1311
1421, 1508, 1464
1499, 1424, 1339
1305, 1424, 1523
1523, 1431, 1445
1449, 1285, 1495
1597, 1539, 1430
1326, 1437, 1499
1390, 1500, 1451
1451, 1309, 1390
1457, 1472, 1452
1452, 1377, 1457
1634, 1481, 1460
1334, 1460, 1481
1344, 1456, 1442
1344, 1377, 1456
1535, 1474, 1335
1535, 1335, 1309
1446, 1388, 1325
1446, 1325, 1324
1490, 1393, 1408
1394, 1462, 1262
1450, 1462, 1432
1442, 1492, 1398
1364, 1398, 1492
1313, 1306, 1405
1410, 1469, 1394
1410, 1313, 1469
1522, 1502, 1310
1483, 1310, 1502
1496, 1399, 1483
1480, 1441, 1478
1317, 1399, 1441
1486, 1414, 1348
1330, 1348, 1414
1285, 1327, 1439
1341, 1498, 1400
1341, 1402, 1498
1404, 1400, 1554
1554, 1372, 1404
1474, 1455, 1335
1458, 1336, 1372
1458, 1559, 1346
1458, 1346, 1336
1559, 1619, 1346
1619, 1511, 1358
1368, 1358, 1511
1447, 1438, 1327
1447, 1327, 1434
1435, 1473, 1412
1435, 1412, 1384
1520, 1509, 1508
1520, 1508, 1449
1500, 1390, 1429
1388, 1306, 1325
1547, 1487, 1445
1519, 1507, 1419
1519, 1419, 1423
1507, 1444, 1419
1363, 1463, 1386
1386, 1311, 1363
1534, 1381, 1369
1401, 1588, 1291
1291, 1588, 1466
1466, 1279, 1291
1279, 1466, 1582
1582, 1304, 1279
1397, 1434, 1368
1324, 1364, 1593
1345, 1396, 1374
1345, 1304, 1396
1471, 1379, 1318
1450, 1432, 1409
1411, 1542, 1267
1411, 1267, 1379
1542, 1533, 1267
1461, 1354, 1369
1461, 1369, 1381
1536, 1387, 1443
1326, 1538, 1437
1480, 1478, 1425
1422, 1376, 1380
1422, 1416, 1376
1347, 1415, 1453
1357, 1567, 1351
1384, 1440, 1551
1412, 1473, 1373
1329, 1515, 1426
1443, 1437, 1536
1333, 1419, 1444
1365, 1387, 1536
1333, 1387, 1365
1343, 1523, 1445
1343, 1305, 1523
1429, 1430, 1539
1361, 1486, 1348
1480, 1486, 1361
1445, 1487, 1343
1430, 1343, 1487
1339, 1326, 1499
1292, 1455, 1294
1373, 1473, 1316
1294, 1472, 1457
1292, 1335, 1455
1262, 1462, 1450
1398, 1344, 1442
1262, 1410, 1394
1361, 1441, 1480
1317, 1441, 1361
1363, 1421, 1463
1358, 1346, 1619
1404, 1341, 1400
1365, 1437, 1538
1536, 1437, 1365
1360, 1378, 1369
1360, 1382, 1378
1339, 1424, 1305
1345, 1374, 1349
1382, 1349, 1374
1369, 1354, 1360
1318, 1360, 1354
1389, 1401, 1291
1450, 1409, 1385
1310, 1385, 1409
1538, 1326, 1176
1327, 1285, 1297
1225, 1422, 1380
1415, 1347, 1320
1177, 1460, 1334
1250, 1334, 1440
1440, 1384, 1250
1408, 1393, 1418
1426, 1408, 1340
1177, 1351, 1460
1269, 1333, 1365
1305, 1343, 1235
1311, 1389, 1312
1508, 1421, 1303
1449, 1508, 1236
1430, 1429, 1229
1324, 1325, 1274
1252, 1361, 1348
1197, 1390, 1309
1343, 1430, 1218
1326, 1339, 1301
1398, 1364, 1308
1316, 1329, 1278
1224, 1294, 1457
1457, 1377, 1224
1335, 1292, 1219
1310, 1483, 1328
1263, 1262, 1450
1252, 1317, 1361
1421, 1363, 1314
1336, 1346, 1286
1346, 1358, 1286
1368, 1434, 1249
1434, 1327, 1233
1341, 1404, 1338
1364, 1324, 1241
1176, 1365, 1538
1382, 1360, 1186
1258, 1345, 1349
1360, 1318, 1185
1208, 1389, 1291
1285, 1449, 1290
1348, 1330, 1300
1298, 1450, 1385
1385, 1310, 1298
1366, 1380, 1323
1359, 1323, 1415
1415, 1320, 1359
1260, 1357, 1351
1384, 1412, 1276
1412, 1373, 1212
1412, 1212, 1276
1334, 1250, 1177
1320, 1347, 1357
1357, 1260, 1320
1272, 1329, 1426
1426, 1340, 1272
1418, 1340, 1408
1351, 1177, 1296
1419, 1226, 1205
1269, 1419, 1333
1269, 1226, 1419
1393, 1423, 1205
1393, 1205, 1418
1423, 1419, 1205
1389, 1268, 1312
1389, 1208, 1268
1305, 1235, 1270
1311, 1312, 1321
1303, 1236, 1508
1236, 1290, 1449
1430, 1229, 1218
1483, 1255, 1264
1343, 1243, 1235
1343, 1218, 1243
1326, 1301, 1176
1325, 1306, 1214
1325, 1214, 1274
1246, 1306, 1313
1313, 1307, 1246
1302, 1373, 1316
1316, 1278, 1302
1171, 1322, 1379
1197, 1309, 1335
1335, 1219, 1197
1264, 1328, 1483
1483, 1399, 1350
1483, 1350, 1255
1399, 1317, 1232
1399, 1232, 1350
1242, 1344, 1398
1398, 1308, 1242
1342, 1313, 1410
1342, 1307, 1313
1248, 1410, 1262
1229, 1429, 1390
1390, 1197, 1229
1317, 1252, 1232
1421, 1314, 1303
1224, 1203, 1294
1173, 1377, 1344
1344, 1242, 1173
1227, 1372, 1336
1336, 1286, 1227
1358, 1368, 1230
1358, 1230, 1286
1292, 1294, 1288
1292, 1288, 1219
1368, 1249, 1230
1434, 1233, 1249
1297, 1277, 1327
1277, 1233, 1327
1364, 1241, 1308
1274, 1241, 1324
1170, 1404, 1372
1170, 1338, 1404
1363, 1311, 1321
1363, 1321, 1314
1365, 1176, 1269
1330, 1402, 1265
1330, 1265, 1300
1402, 1341, 1216
1338, 1216, 1341
1301, 1339, 1305
1285, 1290, 1297
1281, 1291, 1279
1281, 1208, 1291
1279, 1304, 1355
1279, 1355, 1281
1273, 1349, 1382
1273, 1253, 1349
1253, 1258, 1349
1259, 1304, 1345
1345, 1258, 1259
1379, 1267, 1221
1379, 1221, 1171
1360, 1185, 1186
1187, 1185, 1318
1318, 1379, 1187
1322, 1187, 1379
1348, 1300, 1252
1267, 1416, 1332
1416, 1422, 1315
1225, 1315, 1422
1450, 1295, 1263
1450, 1298, 1295
1250, 1384, 1276
1278, 1329, 1272
1296, 1260, 1351
1203, 1288, 1294
1173, 1224, 1377
1212, 1373, 1302
1246, 1214, 1306
1248, 1262, 1263
1328, 1298, 1310
1248, 1342, 1410
1170, 1372, 1227
1216, 1265, 1402
1301, 1305, 1270
1259, 1355, 1304
1186, 1273, 1382
1221, 1267, 1332
1332, 1416, 1315
1366, 1323, 1359
1366, 1225, 1380
1164, 1250, 1276
1260, 1296, 1167
1187, 1322, 1206
1303, 1314, 1111
1290, 1236, 1134
1321, 1312, 1202
1277, 1297, 1121
1350, 1232, 1165
1274, 1214, 1201
1148, 1219, 1288
1288, 1203, 1148
1241, 1274, 1175
1126, 1203, 1224
1302, 1278, 1108
1173, 1242, 1256
1117, 1248, 1263
1298, 1328, 1182
1295, 1298, 1182
1242, 1308, 1147
1308, 1241, 1147
1249, 1233, 1138
1255, 1350, 1282
1236, 1303, 1094
1140, 1286, 1230
1227, 1286, 1196
1314, 1321, 1111
1233, 1277, 1163
1204, 1312, 1268
1234, 1281, 1355
1090, 1258, 1253
1090, 1253, 1273
1159, 1221, 1332
1159, 1332, 1315
1315, 1225, 1159
1276, 1212, 1209
1276, 1209, 1164
1164, 1210, 1250
1100, 1278, 1272
1272, 1340, 1124
1272, 1124, 1100
1340, 1418, 1124
1418, 1205, 1124
1290, 1166, 1174
1290, 1134, 1166
1204, 1202, 1312
1201, 1175, 1274
1224, 1173, 1130
1224, 1130, 1126
1123, 1176, 1301
1236, 1094, 1134
1072, 1214, 1246
1161, 1263, 1295
1295, 1182, 1161
1242, 1147, 1256
1199, 1307, 1342
1342, 1191, 1199
1117, 1289, 1248
1191, 1342, 1248
1248, 1289, 1191
1264, 1255, 1215
1264, 1215, 1207
1175, 1147, 1241
1163, 1138, 1233
1232, 1252, 1237
1232, 1237, 1165
1072, 1201, 1214
1255, 1282, 1215
1165, 1282, 1350
1252, 1300, 1116
1252, 1116, 1237
1207, 1328, 1264
1207, 1247, 1328
1200, 1216, 1338
1200, 1188, 1216
1200, 1338, 1170
1111, 1094, 1303
1230, 1249, 1157
1230, 1157, 1140
1240, 1300, 1265
1265, 1244, 1240
1188, 1265, 1216
1188, 1244, 1265
1286, 1140, 1196
1121, 1163, 1277
1202, 1111, 1321
1199, 1246, 1307
1199, 1072, 1246
1297, 1290, 1174
1297, 1174, 1153
1243, 1218, 1150
1218, 1229, 1095
1229, 1197, 1228
1229, 1228, 1095
1197, 1219, 1148
1270, 1235, 1217
1212, 1302, 1099
1212, 1099, 1209
1268, 1208, 1193
1268, 1193, 1204
1098, 1301, 1270
1297, 1153, 1121
1234, 1208, 1281
1234, 1193, 1208
1355, 1259, 1127
1355, 1127, 1234
1259, 1258, 1154
1259, 1154, 1127
1273, 1186, 1190
1155, 1186, 1185
1235, 1243, 1150
1125, 1205, 1226
1222, 1206, 1322
1171, 1221, 1181
1104, 1181, 1221
1185, 1187, 1223
1206, 1223, 1187
1226, 1269, 1122
1226, 1122, 1125
1269, 1176, 1122
1239, 1366, 1359
1239, 1189, 1366
1149, 1359, 1320
1149, 1239, 1359
1296, 1177, 1167
1192, 1167, 1177
1225, 1129, 1159
1189, 1225, 1366
1189, 1129, 1225
1143, 1320, 1260
1143, 1149, 1320
1177, 1250, 1192
1210, 1192, 1250
1181, 1113, 1171
1322, 1171, 1222
1113, 1222, 1171
1170, 1227, 1151
1170, 1151, 1200
1168, 1148, 1203
1117, 1263, 1161
1148, 1228, 1197
1247, 1182, 1328
1116, 1300, 1240
1196, 1151, 1227
1150, 1217, 1235
1097, 1122, 1176
1098, 1123, 1301
1090, 1273, 1119
1190, 1119, 1273
1155, 1190, 1186
1095, 1150, 1218
1155, 1185, 1223
1123, 1097, 1176
1217, 1098, 1270
1125, 1124, 1205
1167, 1143, 1260
1100, 1108, 1278
1108, 1099, 1302
1104, 1221, 1159
1090, 1154, 1258
1168, 1203, 1126
1256, 1130, 1173
1138, 1157, 1249
1009, 1175, 1201
1039, 1147, 1175
1191, 1289, 1057
1052, 1247, 1207
1183, 1207, 1215
1093, 1161, 1182
1182, 1247, 1093
1195, 1282, 1165
1135, 1165, 1237
1237, 1116, 1135
1244, 1188, 1035
1240, 1244, 1115
1151, 1196, 993
1106, 1121, 1153
1101, 1166, 1134
1160, 1094, 1111
1137, 1111, 1202
1156, 1202, 1204
1156, 1204, 1193
1144, 1193, 1234
1003, 1234, 1127
1051, 1090, 1119
1112, 1155, 1223
1223, 1206, 1112
1061, 1222, 1113
1132, 1189, 1239
1132, 1239, 1149
1143, 1167, 1040
1083, 1167, 1192
1089, 1164, 1209
1089, 1209, 1099
1053, 1210, 1164
1083, 1192, 1210
1159, 1129, 1047
1162, 1206, 1222
1154, 1090, 1076
1048, 1174, 1166
1091, 1138, 1163
1256, 1147, 1092
1130, 1256, 1092
1120, 1140, 1157
1157, 1138, 1120
1175, 1009, 1039
1201, 1012, 1009
1027, 1072, 1199
1068, 1199, 1191
1191, 1057, 1068
1012, 1201, 1072
1072, 1067, 1012
1289, 1117, 1084
1289, 1084, 1057
1141, 1117, 1161
1161, 1093, 1141
1247, 1052, 1081
1207, 1183, 1052
1215, 1282, 1063
1215, 1063, 1183
1282, 1195, 1063
1135, 1195, 1165
1188, 1200, 1045
1196, 1140, 1120
1196, 1120, 993
1110, 1116, 1240
1240, 1115, 1110
1035, 1115, 1244
1045, 1200, 1151
1151, 1014, 1045
1151, 1107, 1014
1151, 993, 1107
1172, 1163, 1121
1172, 1091, 1163
1055, 1153, 1174
1174, 1048, 1055
1060, 1134, 1094
1060, 1101, 1134
1111, 1137, 1160
1202, 1156, 1137
1193, 1144, 1156
1119, 1190, 1049
1119, 1049, 1051
1190, 1155, 1036
1133, 1113, 1181
1133, 1061, 1113
1181, 1104, 1231
1129, 1189, 1022
1129, 1022, 1047
1003, 1144, 1234
1181, 1231, 1133
1149, 1143, 1010
1149, 1010, 1132
1065, 1099, 1108
1108, 1100, 1114
1089, 1053, 1164
1053, 1083, 1210
1167, 1083, 1079
1114, 1100, 1124
1124, 1125, 1096
1231, 1104, 1159
1159, 1047, 1231
1122, 1097, 1087
1122, 1087, 1261
1097, 1123, 1073
1023, 1073, 1123
1123, 1098, 1023
1098, 1217, 1023
1061, 1162, 1222
1162, 1112, 1206
1217, 1150, 1023
1050, 1127, 1154
1050, 1043, 1127
1127, 1043, 1003
1101, 1048, 1166
1228, 1148, 1105
1077, 1105, 1148
1138, 1091, 1120
1039, 1092, 1147
1125, 1122, 1096
1126, 1130, 1082
1092, 1082, 1130
1150, 1095, 1180
1095, 1228, 1180
1148, 1168, 1077
1168, 1126, 1077
1059, 1150, 1180
1023, 1150, 1059
1059, 1228, 1070
1180, 1228, 1059
1037, 1099, 1087
1087, 1099, 1261
1096, 1261, 1099
1037, 1089, 1099
1065, 1108, 1114
1077, 1126, 1105
1087, 1097, 1073
1105, 1126, 1070
1082, 1070, 1126
1093, 1247, 1081
1070, 1228, 1105
1135, 1116, 1110
1035, 1188, 1045
1106, 1172, 1121
1106, 1153, 1055
1060, 1094, 1074
1160, 1074, 1094
1050, 1154, 1064
1076, 1064, 1154
1036, 1049, 1190
1112, 1036, 1155
1051, 1076, 1090
1022, 1189, 1132
1040, 1010, 1143
1079, 1040, 1167
1096, 1099, 1065
1096, 1122, 1261
1065, 1124, 1096
1114, 1124, 1065
1027, 1199, 1068
1141, 1084, 1117
1067, 1072, 1027
1034, 1059, 1070
1044, 1037, 1087
1089, 1037, 905
1162, 1061, 955
1061, 1133, 937
1029, 1087, 1073
1082, 1092, 1038
1070, 1082, 1018
938, 1141, 1093
1092, 1039, 940
1080, 1195, 1135
1110, 1115, 1004
1033, 1045, 1014
965, 1035, 1045
1054, 1115, 1035
1120, 1091, 980
1102, 1091, 1172
1172, 1106, 1102
970, 1106, 1055
957, 1048, 1101
984, 1060, 1074
929, 1156, 1144
1064, 1076, 964
1112, 1162, 1078
1049, 1036, 983
1137, 1156, 999
1076, 1051, 1015
1051, 1049, 949
1053, 1089, 976
978, 1022, 1132
978, 1132, 1010
1083, 1053, 1021
993, 1120, 996
1039, 1009, 1019
1183, 1063, 912
1052, 1183, 912
958, 1027, 1068
1068, 1057, 958
950, 1057, 1084
1084, 1141, 950
1059, 1034, 1002
1061, 937, 955
1087, 1029, 1044
970, 1102, 1106
1082, 1038, 1018
1093, 1081, 982
1092, 940, 1038
1018, 1034, 1070
1195, 1080, 981
1080, 1135, 1110
1110, 1004, 1080
938, 950, 1141
1058, 1014, 1107
1033, 965, 1045
1107, 993, 969
1107, 969, 1058
965, 1054, 1035
981, 1063, 1195
1102, 980, 1091
1048, 957, 1013
1101, 1030, 957
1055, 1048, 1013
1055, 1013, 970
1030, 1101, 1060
1060, 984, 1030
955, 1006, 1162
1006, 1078, 1162
1074, 1160, 917
1074, 917, 984
1026, 1144, 1003
988, 1003, 1043
991, 1043, 1050
1050, 977, 991
977, 1050, 1064
1112, 1078, 1086
1049, 983, 949
1086, 1036, 1112
1086, 983, 1036
1076, 1015, 964
917, 1160, 1137
1137, 999, 917
937, 1133, 1231
1231, 1047, 924
1001, 924, 1047
905, 976, 1089
1001, 1047, 1022
1022, 978, 1001
1010, 1040, 992
1010, 992, 978
1083, 1021, 987
976, 1021, 1053
1008, 1040, 1079
1037, 968, 905
1044, 968, 1037
1079, 1083, 1008
1115, 1054, 1004
993, 996, 904
1023, 1059, 1000
1002, 1000, 1059
1073, 1023, 1000
1073, 1000, 1029
1039, 1019, 940
1052, 912, 925
1081, 1052, 925
1081, 925, 982
1009, 1012, 1007
1009, 1007, 1019
1012, 1067, 1046
1012, 1046, 1007
994, 1067, 1027
994, 1046, 1067
950, 958, 1057
986, 1063, 981
912, 1063, 986
980, 996, 1120
904, 975, 993
1033, 1014, 972
1058, 972, 1014
975, 969, 993
929, 1144, 1026
999, 1156, 929
1026, 1003, 988
988, 1043, 991
977, 1064, 1041
964, 1041, 1064
1015, 1051, 990
949, 990, 1051
937, 1231, 924
992, 1040, 1024
1008, 1024, 1040
987, 1008, 1083
958, 994, 1027
938, 1093, 997
982, 997, 1093
996, 980, 857
903, 981, 1080
883, 1080, 1004
963, 1054, 965
972, 1058, 864
1034, 1018, 826
1002, 1034, 826
1000, 1002, 908
1041, 964, 832
964, 1015, 979
979, 1015, 990
983, 1086, 928
949, 983, 896
1044, 1029, 943
1029, 1000, 908
968, 1044, 943
945, 992, 1024
1086, 1078, 961
1008, 987, 934
866, 1021, 976
987, 1021, 930
884, 1038, 940
989, 1019, 1007
944, 1007, 1046
902, 1046, 994
997, 982, 898
973, 965, 1033
986, 981, 860
903, 860, 981
1080, 883, 903
1054, 963, 854
855, 1033, 972
972, 864, 855
1058, 969, 864
952, 864, 969
854, 1004, 1054
854, 883, 1004
973, 963, 965
933, 969, 975
975, 904, 933
904, 996, 909
870, 909, 996
912, 986, 962
860, 962, 986
850, 826, 1018
920, 980, 1102
920, 844, 980
922, 970, 1013
1013, 957, 877
1013, 877, 922
877, 957, 1030
880, 984, 917
889, 917, 999
879, 929, 1026
1026, 985, 879
916, 999, 929
916, 863, 999
947, 988, 991
974, 991, 977
892, 977, 1041
1041, 832, 892
983, 928, 896
961, 928, 1086
1078, 1006, 946
990, 949, 911
990, 911, 979
1029, 908, 943
941, 1006, 955
953, 955, 937
968, 943, 886
924, 1001, 939
921, 1001, 978
1024, 1008, 934
1024, 934, 945
946, 961, 1078
930, 934, 987
948, 978, 992
992, 959, 948
992, 945, 959
976, 905, 907
976, 907, 866
905, 968, 886
1021, 866, 930
1026, 988, 985
878, 1030, 984
887, 1102, 970
826, 908, 1002
1018, 1038, 967
884, 967, 1038
918, 925, 912
937, 924, 932
937, 932, 901
940, 1019, 989
940, 989, 884
1046, 902, 944
951, 994, 958
951, 902, 994
995, 950, 938
890, 938, 997
997, 898, 890
872, 898, 982
944, 989, 1007
872, 982, 925
926, 958, 950
950, 888, 926
952, 969, 933
857, 980, 844
910, 996, 857
887, 970, 922
877, 1030, 878
878, 984, 880
880, 917, 889
889, 999, 863
916, 929, 971
870, 996, 910
971, 929, 879
979, 832, 964
947, 991, 974
974, 977, 892
896, 911, 949
946, 1006, 941
941, 955, 953
953, 937, 901
939, 1001, 921
921, 978, 891
891, 978, 948
939, 932, 924
985, 988, 947
886, 907, 905
850, 1018, 967
951, 958, 926
995, 888, 950
995, 938, 890
962, 918, 912
918, 872, 925
933, 904, 909
973, 1033, 855
920, 1102, 887
903, 883, 767
832, 979, 805
961, 946, 871
791, 947, 974
791, 974, 892
822, 979, 911
896, 928, 783
928, 961, 873
948, 959, 816
790, 901, 932
945, 934, 814
959, 945, 816
828, 866, 907
908, 826, 913
823, 850, 967
943, 908, 876
846, 884, 989
846, 989, 944
846, 944, 902
836, 902, 951
836, 951, 926
926, 888, 836
860, 903, 767
854, 963, 831
779, 973, 855
930, 866, 874
952, 933, 835
784, 857, 844
788, 910, 857
883, 840, 767
742, 887, 922
742, 747, 887
895, 922, 877
861, 877, 878
812, 878, 880
829, 880, 889
889, 762, 829
876, 852, 943
762, 916, 971
818, 870, 910
818, 817, 870
762, 971, 879
879, 791, 762
795, 892, 832
795, 791, 892
791, 879, 985
896, 783, 787
911, 896, 787
911, 787, 822
946, 941, 851
946, 851, 871
941, 953, 819
953, 901, 897
953, 897, 819
928, 873, 783
871, 873, 961
797, 939, 921
809, 921, 891
809, 797, 921
885, 891, 948
948, 816, 885
839, 932, 939
839, 790, 932
934, 930, 874
934, 874, 814
814, 816, 945
791, 985, 947
979, 822, 805
837, 907, 886
837, 828, 907
886, 943, 852
889, 863, 762
863, 916, 762
826, 850, 881
823, 881, 850
817, 909, 870
856, 876, 908
967, 884, 956
967, 956, 823
888, 995, 755
867, 755, 995
963, 973, 807
963, 807, 831
867, 995, 890
890, 834, 867
834, 890, 898
898, 841, 834
846, 956, 884
898, 872, 841
825, 841, 872
845, 962, 860
860, 767, 845
918, 962, 845
825, 872, 918
882, 933, 909
883, 854, 840
831, 840, 854
777, 844, 920
920, 747, 777
853, 855, 864
747, 920, 887
973, 779, 807
750, 864, 952
750, 853, 864
828, 874, 866
809, 891, 803
885, 803, 891
839, 939, 797
790, 897, 901
852, 837, 886
856, 908, 865
913, 865, 908
812, 861, 878
913, 826, 838
847, 838, 826
847, 826, 881
846, 902, 836
845, 825, 918
836, 888, 849
755, 849, 888
779, 855, 859
853, 859, 855
819, 851, 941
882, 835, 933
788, 818, 910
835, 750, 952
784, 844, 777
895, 754, 922
895, 877, 862
861, 862, 877
817, 882, 909
812, 880, 829
805, 795, 832
784, 788, 857
754, 742, 922
885, 816, 780
803, 885, 780
790, 839, 702
731, 814, 874
708, 874, 828
810, 828, 837
837, 852, 810
693, 852, 876
796, 856, 865
838, 847, 698
727, 847, 881
724, 823, 956
724, 956, 846
691, 846, 836
811, 836, 849
735, 767, 840
801, 840, 831
738, 831, 807
751, 779, 859
818, 788, 781
777, 747, 748
711, 895, 862
706, 812, 829
783, 873, 758
795, 805, 773
705, 762, 791
873, 871, 758
793, 797, 809
820, 809, 803
803, 780, 820
790, 702, 730
721, 839, 797
721, 702, 839
816, 814, 780
865, 913, 771
865, 771, 796
876, 856, 868
876, 868, 772
771, 913, 838
838, 698, 771
772, 693, 876
881, 823, 794
881, 794, 727
718, 755, 867
718, 867, 834
834, 799, 718
834, 841, 799
759, 799, 841
722, 849, 755
722, 811, 849
709, 845, 767
841, 825, 759
825, 845, 757
725, 859, 853
725, 813, 859
813, 751, 859
801, 735, 840
874, 708, 731
738, 801, 831
778, 835, 882
778, 802, 835
751, 830, 779
770, 853, 750
776, 817, 818
818, 781, 776
811, 691, 836
802, 750, 835
769, 784, 777
777, 748, 769
693, 810, 852
754, 895, 711
727, 698, 847
862, 861, 736
862, 736, 711
861, 812, 743
685, 882, 817
812, 706, 743
829, 762, 716
829, 716, 706
796, 763, 856
746, 747, 742
807, 779, 732
807, 732, 738
775, 788, 784
775, 781, 788
728, 822, 787
787, 766, 728
871, 851, 765
741, 805, 822
822, 728, 741
762, 705, 694
756, 804, 791
804, 705, 791
828, 810, 708
758, 766, 783
762, 694, 744
766, 787, 783
851, 819, 765
819, 897, 683
897, 790, 730
897, 730, 683
701, 742, 754
773, 707, 795
791, 795, 800
707, 800, 795
759, 825, 757
691, 724, 846
757, 845, 709
709, 767, 735
770, 725, 853
830, 732, 779
776, 685, 817
685, 778, 882
802, 770, 750
748, 747, 746
769, 775, 784
701, 754, 711
716, 762, 744
756, 791, 739
739, 791, 800
773, 805, 741
746, 742, 720
701, 720, 742
758, 871, 765
765, 819, 683
793, 809, 820
721, 797, 793
731, 780, 814
763, 868, 856
724, 794, 823
722, 755, 719
718, 719, 755
743, 736, 861
691, 811, 658
713, 757, 709
648, 801, 738
710, 830, 751
646, 751, 813
813, 725, 646
619, 738, 732
667, 735, 801
612, 781, 775
775, 769, 612
800, 707, 682
766, 758, 639
741, 728, 673
707, 773, 666
720, 701, 609
708, 810, 635
728, 766, 704
771, 698, 634
693, 772, 695
820, 780, 663
780, 731, 689
745, 772, 868
868, 763, 745
810, 693, 635
794, 724, 640
763, 796, 700
761, 722, 719
658, 811, 722
736, 743, 714
799, 759, 645
759, 757, 733
713, 733, 757
753, 709, 735
751, 646, 710
718, 799, 645
725, 770, 665
738, 619, 648
802, 778, 675
726, 675, 778
684, 685, 776
801, 648, 667
726, 778, 685
830, 710, 672
675, 770, 802
776, 781, 684
662, 769, 748
662, 612, 769
748, 746, 749
674, 701, 711
743, 706, 670
670, 706, 716
716, 593, 670
671, 744, 694
737, 694, 705
705, 723, 737
593, 716, 744
688, 705, 804
704, 673, 728
804, 756, 688
756, 739, 681
611, 739, 800
800, 661, 611
800, 682, 661
766, 639, 704
696, 773, 741
741, 673, 696
707, 666, 682
749, 746, 720
720, 609, 749
602, 765, 683
602, 692, 765
603, 730, 702
702, 636, 603
636, 702, 721
758, 765, 692
752, 634, 698
679, 793, 820
820, 663, 679
664, 721, 793
780, 689, 663
772, 712, 695
731, 708, 635
731, 635, 689
772, 745, 712
796, 771, 760
634, 760, 771
652, 683, 730
652, 602, 683
695, 635, 693
698, 727, 752
773, 696, 666
649, 727, 794
794, 640, 649
608, 700, 796
724, 691, 640
732, 830, 672
732, 672, 619
719, 718, 638
719, 638, 761
761, 658, 722
674, 711, 736
736, 714, 674
688, 756, 681
681, 739, 611
723, 705, 688
714, 743, 670
652, 730, 603
664, 793, 679
636, 721, 664
639, 758, 692
671, 694, 737
593, 744, 671
700, 745, 763
647, 701, 674
647, 609, 701
752, 727, 649
640, 691, 658
645, 638, 718
667, 753, 735
733, 645, 759
684, 729, 685
646, 725, 678
665, 678, 725
753, 713, 709
612, 684, 781
675, 665, 770
749, 662, 748
729, 726, 685
608, 796, 760
704, 639, 563
673, 704, 545
666, 696, 590
682, 666, 577
661, 682, 606
689, 635, 546
663, 689, 539
613, 664, 679
679, 663, 613
576, 671, 737
618, 712, 745
745, 700, 618
624, 647, 674
625, 634, 752
625, 752, 649
631, 640, 658
638, 645, 531
616, 658, 761
761, 638, 616
607, 667, 648
566, 648, 619
678, 665, 594
630, 710, 646
662, 749, 655
628, 608, 760
760, 634, 628
560, 670, 593
560, 651, 670
688, 681, 526
526, 681, 611
696, 673, 633
696, 633, 590
532, 611, 661
577, 606, 682
564, 723, 688
688, 526, 564
673, 545, 633
597, 692, 602
546, 643, 689
602, 652, 676
592, 652, 603
592, 676, 652
657, 603, 636
643, 539, 689
604, 636, 664
663, 656, 613
663, 539, 656
623, 639, 692
635, 581, 546
635, 695, 571
635, 571, 581
564, 737, 723
564, 576, 737
695, 712, 571
576, 593, 671
563, 545, 704
700, 608, 601
599, 601, 608
649, 640, 568
649, 568, 625
658, 614, 631
733, 713, 559
753, 667, 580
578, 619, 672
645, 617, 531
565, 645, 733
565, 617, 645
622, 646, 678
678, 575, 622
678, 594, 575
631, 620, 640
640, 620, 568
541, 713, 753
753, 580, 541
594, 675, 726
729, 684, 596
684, 612, 596
594, 665, 675
637, 612, 662
662, 655, 637
749, 609, 644
609, 647, 644
624, 644, 647
619, 578, 566
566, 607, 648
598, 726, 729
625, 628, 634
672, 710, 574
630, 574, 710
674, 714, 595
714, 670, 651
563, 639, 623
597, 602, 676
657, 636, 604
604, 664, 613
657, 592, 603
623, 692, 597
651, 595, 714
618, 700, 601
599, 608, 628
595, 624, 674
616, 638, 641
531, 641, 638
559, 565, 733
644, 655, 749
614, 658, 616
607, 580, 667
596, 598, 729
630, 646, 622
637, 596, 612
541, 559, 713
598, 594, 726
578, 672, 574
618, 571, 712
526, 611, 532
577, 666, 591
590, 591, 666
532, 661, 642
606, 642, 661
560, 593, 576
546, 581, 510
643, 546, 497
539, 643, 525
495, 657, 604
555, 604, 613
613, 656, 555
592, 657, 514
583, 618, 601
601, 599, 583
534, 599, 628
628, 625, 534
490, 625, 568
485, 568, 620
519, 631, 614
569, 616, 641
550, 617, 565
481, 614, 616
584, 566, 578
535, 630, 622
521, 578, 574
574, 630, 521
519, 620, 631
507, 581, 571
571, 618, 507
590, 633, 538
633, 545, 562
591, 590, 538
533, 532, 642
642, 606, 533
563, 623, 529
657, 495, 514
497, 525, 643
556, 623, 597
556, 529, 623
581, 553, 510
618, 583, 507
620, 519, 485
531, 617, 540
512, 641, 531
512, 569, 641
599, 557, 583
565, 559, 488
565, 488, 550
569, 570, 616
570, 481, 616
599, 534, 557
490, 534, 625
485, 490, 568
580, 607, 501
541, 580, 509
527, 622, 575
527, 535, 622
575, 594, 552
575, 552, 527
535, 496, 630
496, 521, 630
511, 559, 541
598, 596, 544
596, 637, 477
513, 477, 637
637, 655, 513
655, 644, 508
578, 521, 584
486, 594, 598
644, 624, 600
528, 607, 566
566, 584, 528
624, 595, 585
595, 651, 587
651, 560, 523
502, 523, 560
632, 576, 564
551, 564, 526
471, 526, 532
562, 538, 633
606, 577, 589
606, 589, 533
555, 495, 604
555, 656, 539
589, 577, 591
591, 538, 589
545, 563, 499
545, 499, 562
502, 560, 576
581, 507, 553
597, 676, 470
597, 470, 556
676, 592, 517
514, 517, 592
486, 552, 594
486, 598, 544
544, 596, 477
513, 655, 508
508, 644, 600
600, 624, 585
585, 595, 587
587, 651, 523
502, 576, 632
632, 564, 551
551, 526, 471
471, 532, 537
533, 537, 532
499, 563, 529
470, 676, 517
510, 497, 546
525, 555, 539
482, 509, 580
511, 488, 559
509, 511, 541
540, 512, 531
550, 540, 617
501, 482, 580
528, 501, 607
519, 614, 481
472, 584, 521
528, 584, 445
533, 589, 464
557, 534, 518
489, 471, 537
537, 533, 489
589, 538, 465
507, 583, 516
525, 497, 437
583, 557, 518
497, 510, 420
555, 525, 421
538, 562, 478
536, 485, 519
492, 569, 512
466, 535, 527
492, 570, 569
491, 496, 535
482, 501, 469
501, 528, 412
515, 519, 481
552, 486, 423
552, 423, 453
500, 486, 544
472, 445, 584
544, 477, 500
477, 513, 475
445, 412, 528
456, 513, 508
407, 508, 600
600, 585, 440
600, 440, 407
440, 585, 587
419, 587, 523
458, 502, 632
419, 523, 502
458, 632, 551
551, 471, 458
464, 506, 533
506, 489, 533
589, 465, 464
503, 516, 583
451, 470, 517
517, 449, 451
517, 514, 449
583, 518, 503
497, 420, 437
505, 495, 555
555, 626, 505
555, 421, 626
449, 514, 495
510, 553, 430
510, 430, 420
553, 507, 430
516, 430, 507
493, 556, 470
525, 437, 421
534, 522, 518
499, 529, 494
499, 494, 547
529, 556, 461
484, 562, 499
499, 547, 484
538, 478, 465
562, 484, 478
534, 490, 432
534, 432, 522
504, 490, 485
454, 488, 511
511, 467, 454
422, 512, 540
422, 492, 512
453, 527, 552
453, 466, 527
443, 540, 550
550, 488, 443
570, 492, 448
466, 491, 535
412, 469, 501
491, 439, 496
511, 509, 467
509, 482, 427
438, 427, 482
448, 481, 570
448, 515, 481
519, 515, 536
521, 496, 439
521, 439, 472
456, 475, 513
475, 500, 477
456, 508, 407
440, 587, 419
458, 471, 450
489, 450, 471
494, 529, 460
460, 529, 461
493, 470, 451
449, 495, 505
461, 556, 493
419, 502, 458
504, 485, 536
427, 467, 509
443, 488, 454
443, 422, 540
500, 423, 486
469, 438, 482
432, 490, 504
397, 466, 453
522, 432, 424
450, 489, 394
415, 445, 472
464, 465, 408
516, 503, 424
489, 506, 404
503, 518, 424
349, 494, 460
430, 516, 378
437, 420, 426
518, 522, 424
626, 421, 429
505, 626, 429
398, 451, 449
421, 437, 375
361, 536, 515
373, 515, 448
353, 443, 454
454, 467, 353
391, 472, 439
373, 492, 422
373, 448, 492
474, 432, 504
472, 391, 415
417, 491, 466
417, 457, 491
453, 423, 436
453, 436, 397
412, 445, 390
374, 390, 445
475, 456, 442
474, 424, 432
435, 456, 407
402, 407, 440
440, 410, 402
410, 440, 419
406, 458, 450
450, 394, 406
445, 415, 374
506, 464, 403
408, 403, 464
489, 404, 394
403, 404, 506
465, 478, 414
465, 414, 408
478, 484, 411
478, 411, 401
484, 547, 411
349, 547, 494
444, 460, 461
444, 349, 460
493, 451, 367
493, 367, 479
396, 449, 505
505, 429, 396
420, 430, 431
378, 431, 430
479, 461, 493
426, 433, 437
433, 375, 437
405, 419, 458
478, 401, 414
424, 378, 516
388, 469, 412
418, 504, 536
418, 385, 504
361, 418, 536
515, 400, 361
457, 439, 491
457, 391, 439
373, 400, 515
413, 422, 443
413, 373, 422
392, 423, 500
386, 438, 469
467, 427, 358
384, 358, 427
427, 438, 384
386, 384, 438
500, 475, 392
385, 474, 504
397, 417, 466
436, 423, 473
392, 473, 423
392, 475, 442
442, 456, 435
435, 407, 402
410, 419, 463
463, 419, 405
405, 458, 406
444, 461, 479
411, 547, 349
398, 367, 451
375, 429, 421
398, 449, 396
431, 426, 420
358, 353, 467
388, 386, 469
390, 388, 412
353, 413, 443
338, 457, 417
337, 435, 402
402, 410, 337
424, 474, 371
403, 408, 311
378, 424, 324
414, 401, 307
372, 411, 349
367, 398, 370
301, 398, 396
433, 426, 315
426, 431, 306
375, 433, 315
381, 418, 361
329, 385, 418
339, 400, 373
340, 397, 436
413, 353, 362
408, 414, 302
391, 457, 338
417, 397, 376
417, 376, 338
436, 473, 331
436, 331, 340
473, 392, 325
473, 325, 331
317, 392, 442
337, 442, 435
337, 410, 463
424, 371, 334
308, 463, 405
359, 406, 394
394, 366, 359
366, 394, 404
323, 404, 403
403, 311, 323
365, 324, 424
290, 405, 406
401, 411, 307
372, 307, 411
321, 349, 444
387, 444, 479
387, 321, 444
387, 479, 367
367, 370, 387
334, 368, 424
424, 368, 365
429, 375, 310
398, 301, 344
310, 396, 429
310, 301, 396
344, 370, 398
426, 306, 315
349, 409, 372
324, 431, 378
329, 474, 385
364, 353, 358
364, 352, 353
382, 373, 413
413, 363, 382
413, 362, 363
307, 302, 414
418, 381, 329
416, 384, 386
388, 390, 380
388, 380, 298
355, 358, 384
354, 390, 374
374, 415, 393
415, 391, 343
361, 400, 381
386, 388, 298
393, 354, 374
337, 317, 442
416, 355, 384
381, 400, 339
298, 416, 386
352, 362, 353
339, 373, 382
355, 364, 358
354, 380, 390
343, 393, 415
338, 343, 391
340, 376, 397
317, 325, 392
371, 474, 329
337, 463, 308
308, 405, 290
290, 406, 359
366, 404, 323
302, 311, 408
324, 306, 431
335, 349, 321
409, 349, 335
315, 310, 375
261, 368, 334
300, 334, 371
261, 365, 368
327, 329, 381
346, 381, 339
362, 352, 262
382, 363, 250
364, 355, 284
363, 362, 250
281, 343, 328
393, 343, 281
223, 328, 343
343, 338, 223
331, 325, 273
312, 371, 329
324, 365, 268
306, 324, 277
286, 307, 372
287, 335, 321
387, 370, 255
310, 315, 272
334, 300, 261
329, 243, 312
346, 327, 381
231, 339, 382
382, 250, 231
262, 352, 364
364, 284, 262
338, 376, 318
338, 318, 223
262, 250, 362
416, 298, 291
298, 380, 245
380, 354, 296
354, 393, 296
281, 296, 393
376, 340, 318
227, 340, 331
331, 273, 227
355, 416, 249
325, 317, 292
317, 337, 320
261, 268, 365
337, 308, 348
283, 308, 290
233, 290, 359
359, 366, 330
330, 366, 323
323, 314, 330
314, 323, 311
302, 307, 313
302, 313, 289
307, 286, 313
324, 280, 277
372, 409, 236
236, 409, 335
277, 222, 306
222, 319, 306
316, 321, 387
387, 255, 316
309, 370, 344
311, 302, 314
289, 314, 302
344, 301, 274
301, 310, 299
267, 299, 310
370, 309, 255
321, 316, 287
315, 306, 319
310, 272, 267
285, 281, 328
318, 340, 227
223, 285, 328
271, 325, 259
292, 259, 325
292, 317, 258
258, 317, 320
320, 337, 275
275, 337, 276
276, 337, 348
348, 308, 303
303, 308, 279
279, 308, 360
360, 308, 283
283, 290, 333
347, 333, 290
233, 359, 330
347, 290, 233
286, 372, 236
236, 335, 287
309, 344, 274
274, 301, 299
319, 272, 315
268, 280, 324
300, 371, 379
312, 379, 371
243, 329, 327
240, 291, 298
346, 339, 231
296, 245, 380
245, 240, 298
249, 284, 355
291, 249, 416
273, 325, 271
237, 318, 227
237, 223, 318
285, 223, 184
213, 271, 259
295, 233, 330
330, 314, 295
314, 289, 218
289, 313, 171
207, 313, 286
193, 255, 309
254, 274, 299
299, 267, 254
267, 272, 211
281, 285, 208
215, 300, 379
379, 312, 215
198, 346, 231
240, 245, 170
250, 262, 210
262, 284, 224
296, 281, 208
212, 259, 292
212, 213, 259
292, 258, 294
292, 294, 212
258, 320, 173
184, 208, 285
266, 320, 275
304, 275, 276
192, 276, 348
215, 204, 261
192, 348, 303
207, 171, 313
303, 279, 166
166, 279, 360
360, 190, 166
360, 283, 190
178, 190, 283
178, 283, 333
333, 347, 178
217, 178, 347
314, 218, 295
171, 218, 289
217, 347, 233
269, 286, 236
269, 247, 286
199, 236, 287
199, 256, 236
263, 287, 316
316, 305, 263
254, 309, 274
267, 211, 254
222, 277, 194
286, 226, 207
286, 247, 226
277, 280, 265
287, 263, 199
162, 272, 319
256, 269, 236
162, 319, 222
268, 261, 204
241, 280, 268
312, 243, 215
198, 243, 327
198, 327, 346
235, 170, 245
232, 284, 249
232, 220, 284
220, 224, 284
291, 240, 225
170, 225, 240
200, 249, 291
200, 232, 249
246, 231, 250
250, 210, 246
245, 296, 235
208, 235, 296
209, 273, 271
215, 261, 300
209, 227, 273
209, 237, 227
223, 237, 184
316, 255, 305
193, 305, 255
198, 215, 243
266, 173, 320
173, 219, 258
219, 294, 258
213, 209, 271
304, 276, 192
192, 303, 166
217, 233, 295
194, 162, 222
204, 241, 268
162, 211, 272
193, 309, 254
265, 194, 277
241, 265, 280
198, 231, 246
224, 210, 262
225, 200, 291
266, 275, 304
215, 198, 191
138, 208, 184
202, 184, 237
202, 237, 209
209, 213, 202
218, 171, 197
182, 171, 207
186, 217, 295
295, 218, 186
180, 207, 226
141, 226, 247
141, 247, 269
211, 162, 142
187, 193, 254
254, 211, 187
238, 198, 246
246, 210, 238
210, 224, 238
200, 225, 169
185, 177, 198
177, 191, 198
235, 208, 175
208, 138, 122
225, 170, 116
213, 212, 253
213, 253, 202
244, 212, 294
294, 168, 244
294, 219, 168
219, 173, 150
219, 150, 168
173, 266, 110
202, 143, 184
117, 304, 192
192, 147, 117
195, 192, 166
178, 217, 136
186, 136, 217
172, 166, 190
197, 186, 218
151, 141, 269
148, 196, 162
207, 206, 182
207, 180, 206
269, 256, 144
269, 144, 151
256, 199, 144
153, 144, 199
162, 194, 124
142, 229, 211
229, 203, 211
203, 187, 211
160, 305, 193
162, 196, 142
194, 265, 159
241, 204, 139
141, 180, 226
109, 265, 241
241, 139, 109
204, 215, 112
153, 199, 263
160, 263, 305
160, 153, 263
198, 119, 185
198, 126, 119
176, 238, 224
228, 232, 200
200, 169, 228
167, 190, 178
156, 197, 171
176, 224, 220
228, 220, 232
228, 176, 220
120, 266, 304
304, 117, 120
201, 170, 235
235, 216, 201
191, 131, 215
172, 195, 166
195, 147, 192
167, 172, 190
109, 159, 265
112, 139, 204
159, 124, 194
124, 148, 162
160, 193, 130
130, 193, 187
175, 216, 235
201, 116, 170
122, 175, 208
126, 198, 238
110, 150, 173
138, 184, 118
143, 118, 184
244, 253, 212
110, 266, 120
112, 215, 131
156, 171, 179
182, 179, 171
167, 178, 136
116, 169, 225
195, 172, 92
147, 195, 105
172, 167, 92
102, 151, 144
157, 130, 187
187, 203, 157
203, 229, 157
132, 153, 160
102, 141, 151
216, 175, 91
201, 216, 86
116, 201, 93
94, 176, 228
228, 169, 94
104, 126, 238
238, 176, 104
244, 168, 74
118, 143, 74
74, 202, 253
253, 244, 74
168, 150, 74
98, 110, 120
154, 156, 179
179, 182, 154
154, 167, 136
136, 186, 154
74, 143, 202
169, 116, 87
92, 105, 195
197, 156, 154
97, 182, 206
97, 154, 182
206, 180, 145
206, 145, 97
181, 160, 130
181, 132, 160
144, 137, 102
157, 229, 142
130, 157, 181
196, 148, 59
148, 124, 78
144, 140, 137
89, 142, 196
144, 153, 140
132, 140, 153
141, 102, 101
139, 112, 114
101, 115, 141
77, 109, 139
73, 177, 185
175, 135, 91
124, 159, 69
159, 109, 125
113, 134, 138
122, 138, 67
134, 67, 138
94, 133, 176
133, 104, 176
90, 119, 126
93, 87, 116
127, 185, 119
201, 86, 93
131, 191, 79
191, 177, 163
175, 122, 135
113, 138, 118
118, 74, 113
150, 110, 98
150, 98, 74
120, 117, 105
120, 105, 98
81, 112, 131
117, 147, 105
154, 186, 197
167, 154, 92
115, 180, 141
169, 87, 94
79, 81, 131
81, 114, 112
115, 145, 180
125, 69, 159
78, 59, 148
114, 77, 139
89, 157, 142
77, 125, 109
59, 89, 196
69, 78, 124
79, 191, 163
91, 86, 216
163, 177, 73
73, 185, 127
127, 119, 90
90, 126, 107
107, 126, 104
135, 122, 67
105, 92, 99
58, 92, 154
75, 97, 145
145, 115, 75
36, 102, 137
129, 140, 132
96, 132, 181
96, 181, 157
157, 89, 96
43, 101, 102
86, 91, 82
100, 90, 107
133, 94, 100
100, 107, 104
104, 133, 100
94, 87, 28
134, 113, 64
93, 86, 35
60, 74, 98
91, 135, 49
88, 98, 105
105, 99, 88
154, 97, 33
154, 33, 58
75, 46, 97
46, 33, 97
36, 137, 140
140, 129, 36
95, 115, 101
95, 75, 115
92, 71, 99
92, 58, 71
59, 78, 62
96, 129, 132
65, 89, 59
65, 96, 89
69, 125, 22
125, 77, 84
77, 114, 52
77, 52, 84
36, 80, 102
22, 78, 69
114, 81, 83
80, 43, 102
81, 79, 19
79, 163, 19
76, 82, 91
47, 163, 73
41, 73, 127
82, 35, 86
68, 127, 90
94, 28, 100
48, 67, 134
134, 64, 48
49, 135, 67
67, 48, 49
35, 87, 93
35, 28, 87
64, 113, 74
74, 40, 64
74, 60, 40
85, 60, 98
22, 62, 78
62, 65, 59
52, 114, 83
83, 81, 19
19, 163, 47
47, 73, 41
41, 127, 68
22, 125, 84
68, 90, 100
76, 91, 49
85, 98, 88
43, 95, 101
18, 46, 75
56, 43, 80
56, 80, 36
29, 36, 129
65, 62, 29
29, 129, 96
96, 65, 29
33, 46, 18
72, 41, 68
99, 71, 9
72, 68, 100
100, 28, 72
49, 48, 17
28, 35, 38
48, 64, 16
71, 58, 9
32, 85, 88
88, 99, 32
12, 60, 85
61, 75, 95
95, 43, 61
36, 29, 56
75, 61, 18
56, 61, 43
18, 58, 33
18, 9, 58
11, 84, 52
7, 52, 83
10, 83, 19
37, 19, 47
26, 47, 41
8, 22, 84
23, 76, 49
49, 17, 23
28, 38, 72
48, 16, 17
53, 16, 64
40, 60, 55
12, 55, 60
23, 20, 82
20, 35, 82
20, 38, 35
32, 12, 85
53, 64, 40
40, 55, 53
9, 32, 99
62, 22, 25
62, 25, 29
23, 82, 76
37, 10, 19
10, 27, 83
42, 11, 52
8, 25, 22
11, 8, 84
27, 7, 83
7, 42, 52
37, 47, 26
26, 41, 72
23, 38, 20
23, 37, 38
17, 10, 37
16, 53, 10
53, 27, 10
53, 55, 27
55, 12, 27
12, 9, 27
12, 32, 9
9, 11, 42
18, 61, 8
61, 56, 8
29, 25, 8
18, 8, 11
56, 29, 8
9, 7, 27
9, 42, 7
9, 18, 11
23, 17, 37
37, 26, 38
26, 72, 38
17, 16, 10

