3430.119809 3914.076958 42.846480
3429.041649 3914.389618 47.276380
3427.111869 3914.089758 43.755400
3465.287289 3917.730338 85.572000
3433.066949 3913.810818 46.279940
3464.737009 3926.511618 85.092020
3419.541209 3917.730338 44.684240
3462.600909 3903.094018 79.344640
3466.393109 3926.353558 81.479100
3453.750989 3917.730338 80.438800
3422.187509 3914.043898 41.399540
3461.026229 3932.568018 83.195260
3427.111869 3921.370918 43.755400
3429.041649 3921.071058 47.276380
3430.119809 3921.383718 42.846480
3434.224209 3925.653718 74.284500
3433.066949 3921.649858 46.279940
3449.094089 3900.032038 77.477500
3433.351729 3930.350038 76.445260
3439.469329 3928.847478 73.521100
3464.737009 3908.949058 85.092020
3439.796189 3933.475058 71.948520
3422.187509 3921.416778 41.399540
3461.026229 3902.892658 83.195260
3421.887349 3917.730338 39.981560
3444.899449 3933.434738 73.126300
3449.094089 3935.428638 77.477500
3430.088929 3914.894038 39.398660
3442.270289 3904.230778 75.748380
3458.547789 3932.896818 73.984080
3455.736249 3935.315178 80.942660
3434.426629 3917.730338 42.313620
3466.730409 3917.730338 82.015740
3451.209669 3935.319378 75.026960
3462.600909 3932.366658 79.344640
3442.214649 3917.730338 75.305620
3435.831649 3903.215978 73.660160
3428.223329 3902.361598 73.064720
3430.088929 3920.566638 39.398660
3440.695929 3911.154058 75.483260
3435.831649 3932.244698 73.660160
3430.300349 3934.386718 65.993900
3438.123729 3917.730338 50.008800
3441.180609 3913.541578 48.236060
3466.820349 3925.522558 77.203000
3447.815949 3932.698498 64.643480
3466.393109 3909.107118 81.479100
3466.820349 3909.938118 77.203000
3432.775569 3943.456498 69.308820
3441.180609 3921.919098 48.236060
3446.965469 3933.983938 69.917340
3467.527589 3917.730338 78.604380
3439.469329 3906.613198 73.521100
3470.406189 3917.730338 70.395300
3442.270289 3931.229898 75.748380
3424.420509 3913.435258 39.052700
3467.490389 3931.387858 65.950820
3425.642029 3917.730338 37.838680
3458.547789 3902.563858 73.984080
3440.695929 3924.306618 75.483260
3446.515069 3912.744938 65.342080
3446.874349 3917.730338 65.538600
3439.056189 3892.582758 66.973060
3441.653069 3925.726218 69.438300
3436.046769 3889.909438 66.090040
3443.778789 3917.730338 70.107240
3462.272589 3903.904078 75.593660
3428.223329 3933.099078 73.064720
3458.150869 3934.503558 76.781300
3434.536069 3924.267538 59.729480
3455.736249 3900.145498 80.942660
3428.884349 3917.730338 38.343220
3444.899449 3902.025938 73.126300
3424.420509 3922.025418 39.052700
3447.815949 3902.762178 64.643480
3439.796189 3901.985618 71.948520
3462.272589 3931.556598 75.593660
3435.892229 3895.288778 70.801440
3464.887869 3904.415338 69.440660
3462.412229 3917.730338 59.820200
3434.695249 3899.467738 66.333640
3471.695129 3917.730338 61.876200
3433.872569 3926.676378 68.623040
3425.771149 3930.962598 65.740700
3430.264929 3928.915058 64.810820
3433.351729 3905.110638 76.445260
3425.771149 3904.498078 65.740700
3443.371949 3904.246138 62.161040
3430.300349 3901.073958 65.993900
3449.130609 3925.142178 61.598000
3438.077829 3914.815438 64.202260
3443.267269 3912.579438 69.770960
3433.269669 3900.934378 71.213780
3442.690129 3909.431218 59.281000
3433.453129 3925.929478 63.289940
3450.838689 3933.670638 70.767940
3451.967489 3901.901818 66.793120
3472.429529 3924.640218 65.256100
3436.046769 3945.551238 66.090040
3446.515069 3922.715738 65.342080
3430.264929 3906.545618 64.810820
3440.186069 3937.267798 62.616320
3460.941929 3934.334578 65.296200
3463.389109 3935.392558 61.376480
3453.081929 3934.459058 61.213500
3432.775569 3892.004178 69.308820
3440.644629 3909.144198 73.819800
3469.283609 3925.809118 70.297640
3438.828109 3894.868918 64.109280
3441.653069 3909.734458 69.438300
3431.214069 3917.730338 62.664820
3444.950549 3925.377658 65.155120
3472.624729 3926.029578 66.290820
3432.291389 3907.730478 64.315740
3443.371949 3931.214538 62.161040
3450.348129 3917.730338 60.644980
3442.124289 3897.949018 67.511900
3444.642909 3934.267798 65.462700
3467.490389 3904.072818 65.950820
3451.209669 3900.141298 75.026960
3437.155329 3931.294458 63.357380
3440.186069 3898.192878 62.616320
3434.536069 3911.193138 59.729480
3453.081929 3901.001618 61.213500
3446.965469 3901.476738 69.917340
3452.816809 3935.495398 58.592160
3433.780169 3927.706018 54.595000
3433.361589 3924.705018 56.328700
3450.838689 3901.790038 70.767940
3472.429529 3910.820458 65.256100
3452.816809 3899.965278 58.592160
3429.481669 3921.017758 54.830140
3433.269669 3934.526298 71.213780
3460.941929 3901.126098 65.296200
3435.892229 3940.171898 70.801440
3430.423969 3928.712858 68.931360
3440.644629 3926.316478 73.819800
3443.267269 3922.881238 69.770960
3450.283389 3921.612258 60.742020
3438.077829 3920.645238 64.202260
3437.274709 3911.710518 46.730420
3468.871529 3931.871838 64.005600
3424.787009 3904.850458 68.810380
3431.315549 3921.624238 59.431260
3444.950549 3910.083018 65.155120
3434.695249 3935.992938 66.333640
3444.642909 3901.192878 65.462700
3464.887869 3931.045338 69.440660
3458.150869 3900.957118 76.781300
3433.672609 3925.390318 47.827360
3434.829049 3923.800998 68.520620
3436.662829 3931.002338 45.959340
3433.453129 3909.531198 63.289940
3442.605069 3923.003718 50.888840
3437.155329 3904.166218 63.357380
3451.967489 3933.558858 66.793120
3419.889809 3917.730338 49.054980
3435.385689 3943.100378 63.798200
3463.389109 3900.068118 61.376480
3432.291389 3927.730198 64.315740
3428.099069 3920.930118 50.831260
3436.662829 3904.458338 45.959340
3426.062549 3917.730338 54.149120
3443.484729 3907.218238 44.212200
3472.624729 3909.431098 66.290820
3435.385689 3892.360298 63.798200
3434.829049 3911.659678 68.520620
3443.484729 3928.242438 44.212200
3438.272209 3917.730338 62.950460
3438.828109 3940.591758 64.109280
3441.389569 3921.746538 55.134880
3472.357889 3917.730338 66.772820
3438.782089 3917.730338 55.044340
3434.224209 3909.806958 74.284500
3441.389569 3913.714138 55.134880
3433.872569 3908.784298 68.623040
3443.667029 3908.269678 53.941040
3426.548689 3934.765918 68.153320
3449.783349 3930.282978 62.089180
3449.275109 3930.023538 56.104300
3426.548689 3900.694758 68.153320
3442.124289 3937.511658 67.511900
3443.667029 3927.190998 53.941040
3433.780169 3907.754658 54.595000
3432.669349 3925.825438 51.566580
3468.871529 3903.588838 64.005600
3434.943429 3904.268238 51.327820
3434.943429 3931.192438 51.327820
3449.783349 3905.177698 62.089180
3431.315549 3913.836438 59.431260
3437.274709 3923.750158 46.730420
3436.707329 3929.945158 57.202720
3442.605069 3912.456958 50.888840
3439.056189 3942.877918 66.973060
3433.672609 3910.070358 47.827360
3459.613209 3932.829678 68.825340
3429.481669 3914.442918 54.830140
3449.275109 3905.437138 56.104300
3450.283389 3913.848418 60.742020
3449.636869 3921.880318 55.950480
3433.361589 3910.755658 56.328700
3449.636869 3913.580358 55.950480
3459.613209 3902.630998 68.825340
3424.787009 3930.610218 68.810380
3428.099069 3914.530558 50.831260
3432.669349 3909.635238 51.566580
3449.130609 3910.318498 61.598000
3469.283609 3909.651558 70.297640
3430.423969 3906.747818 68.931360
3436.707329 3905.515518 57.202720
3442.690129 3926.029458 59.281000
3449.466329 3917.730338 56.190420

