219.019997 22.590005 126.800005
219.019997 22.560005 126.760005
219.019997 22.570005 126.720005
219.019997 22.670005 126.840005
219.019997 22.600005 126.840005
219.019997 22.670005 126.790005
219.019997 22.630005 126.860005
216.519997 23.340005 126.790005
216.519997 23.330005 127.090005
216.519997 23.170005 126.810005
216.519997 23.330005 126.490005
216.519997 23.330005 126.890005
216.519997 23.160005 126.720005
219.019997 22.600005 126.860005
219.019997 22.580005 126.860005
219.019997 22.670005 126.740005
216.519997 23.180005 126.520005
216.519997 23.180005 126.470005
216.519997 23.180005 127.020005
216.569997 23.350005 126.460005
216.519997 23.220005 126.380005
219.019997 22.600005 126.680005
216.569997 23.350005 127.110005
216.519997 23.190005 126.420005
219.019997 22.670005 126.680005
216.519997 23.330005 127.140005
216.519997 23.330005 126.380005
216.519997 23.340005 126.740005
216.569997 23.300005 126.280005
216.519997 23.300005 127.150005
219.019997 22.580005 126.640005
219.019997 22.600005 126.640005
216.519997 23.150005 126.770005
216.569997 23.100005 126.960005
219.019997 22.650005 126.640005
216.569997 23.200005 126.320005
216.569997 23.230005 127.200005
216.519997 23.330005 126.430005
216.519997 23.270005 126.370005
218.969997 22.567005 126.827005
216.569997 23.070005 126.630005
216.569997 23.350005 126.360005
216.519997 23.340005 126.840005
216.569997 23.160005 127.140005
218.969997 22.670005 126.830005
218.969997 22.580005 126.870005
216.569997 23.110005 127.000005
216.569997 23.350005 126.410005
216.569997 23.110005 126.480005
216.569997 23.110005 126.430005
218.969997 22.700005 126.790005
218.969997 22.690005 126.690005
216.569997 23.360005 126.860005
216.519997 23.180005 126.570005
218.969997 22.640005 126.860005
216.519997 23.170005 126.670005
216.519997 23.200005 127.110005
218.969997 22.610005 126.640005
216.569997 23.080005 126.910005
216.619997 23.370005 127.180005
216.569997 23.050005 126.670005
216.519997 23.190005 127.070005
216.569997 23.350005 127.170005
218.969997 22.660005 126.650005
216.569997 23.099005 126.531005
216.569997 23.350005 127.220005
218.969997 22.500005 126.680005
216.619997 23.020005 126.420005
216.569997 23.350005 126.310005
216.619997 23.370005 127.080005
218.969997 22.555005 126.677005
216.569997 23.070005 126.860005
216.519997 23.320005 126.350005
216.619997 23.370005 126.380005
216.619997 22.940005 126.540005
216.569997 23.110005 127.060005
216.569997 23.140005 126.390005
216.619997 23.380005 126.980005
216.619997 23.370005 127.130005
216.619997 23.370005 126.480005
216.569997 23.190005 127.180005
216.619997 23.380005 126.730005
216.569997 23.170005 126.360005
216.569997 23.360005 126.760005
216.569997 23.349005 126.911005
216.569997 23.030005 126.720005
216.619997 23.170005 126.300005
216.619997 23.240005 126.230005
216.569997 23.020005 126.770005
216.619997 23.370005 127.230005
216.619997 23.370005 126.280005
216.619997 23.100005 126.370005
216.619997 22.940005 126.950005
216.619997 23.200005 126.260005
216.619997 23.280005 126.210005
216.569997 23.120005 127.100005
216.569997 23.330005 127.240005
216.619997 22.990005 127.040005
216.619997 22.870005 126.730005
216.569997 23.050005 126.810005
216.569997 23.340005 126.260005
216.619997 23.100005 127.130005
216.619997 23.170005 127.200005
218.969997 22.530005 126.870005
216.619997 23.360005 126.180005
216.619997 22.860005 126.770005
218.969997 22.500005 126.840005
216.619997 23.370005 126.230005
218.969997 22.500005 126.820005
216.669997 23.400005 126.960005
216.669997 22.670005 126.640005
218.969997 22.522005 126.820005
216.669997 23.400005 126.760005
216.619997 22.970005 126.500005
216.619997 23.380005 126.780005
216.619997 23.060005 127.100005
216.669997 23.180005 126.230005
216.669997 22.650005 126.780005
216.669997 22.840005 126.410005
216.669997 23.390005 126.320005
216.669997 22.640005 126.730005
218.969997 22.510005 126.640005
216.669997 23.030005 126.350005
218.969997 22.560005 126.630005
216.669997 23.390005 127.110005
216.619997 23.370005 127.030005
216.669997 23.390005 126.270005
216.619997 23.370005 126.330005
218.969997 22.710005 126.740005
216.569997 23.280005 127.220005
216.669997 23.310005 127.370005
216.669997 23.400005 126.520005
216.619997 23.280005 127.290005
216.619997 23.330005 126.190005
216.619997 22.990005 126.450005
216.619997 23.060005 126.400005
216.669997 22.740005 127.110005
216.619997 23.200005 127.240005
216.669997 22.980005 126.370005
216.669997 23.400005 126.920005
216.619997 23.230005 127.270005
216.669997 23.100005 127.180005
216.669997 23.390005 127.260005
216.669997 22.820005 126.430005
216.669997 23.170005 127.250005
216.619997 23.010005 127.080005
218.919997 22.620005 126.860005
216.669997 22.670005 126.880005
216.669997 23.390005 127.160005
218.919997 22.570005 126.870005
216.669997 22.670005 126.590005
216.669997 23.130005 127.210005
218.919997 22.520005 126.860005
216.669997 23.220005 127.330005
216.619997 22.960005 127.000005
218.919997 22.480005 126.650005
216.669997 22.830005 127.070005
216.619997 23.360005 127.330005
218.919997 22.580005 126.630005
216.669997 23.390005 127.060005
216.669997 23.260005 127.360005
218.919997 22.700005 126.800005
216.719997 23.410005 127.110005
216.619997 23.370005 126.430005
218.919997 22.700005 126.710005
218.919997 22.670005 126.670005
216.719997 22.630005 127.010005
216.669997 22.710005 127.070005
216.669997 22.690005 126.490005
216.669997 23.210005 126.190005
216.719997 23.140005 126.240005
216.719997 22.870005 127.160005
216.669997 22.690005 127.030005
216.719997 22.630005 126.560005
218.919997 22.480005 126.840005
216.669997 23.080005 126.330005
216.669997 23.290005 126.140005
216.669997 23.390005 126.420005
216.719997 22.700005 127.140005
216.669997 22.860005 127.100005
216.669997 23.000005 127.140005
216.619997 23.320005 127.310005
216.669997 22.910005 127.110005
218.919997 22.470005 126.700005
216.719997 22.860005 126.350005
216.669997 23.390005 126.370005
216.669997 22.780005 127.100005
216.669997 23.360005 127.380005
218.919997 22.630005 126.640005
218.919997 22.730005 126.760005
216.719997 22.650005 127.060005
216.669997 23.390005 126.470005
216.719997 22.620005 126.810005
216.719997 23.300005 127.390005
216.719997 23.410005 127.060005
216.669997 22.680005 126.930005
216.669997 23.390005 127.210005
216.669997 22.820005 127.070005
216.719997 23.410005 126.150005
216.719997 23.170005 127.320005
216.719997 23.190005 126.150005
216.669997 23.150005 126.270005
216.669997 22.780005 126.400005
216.669997 23.380005 127.360005
216.719997 23.420005 126.810005
218.919997 22.670005 126.840005
216.669997 22.960005 127.130005
216.719997 22.960005 127.190005
216.719997 23.000005 126.300005
216.719997 22.770005 126.310005
216.719997 23.360005 126.100005
216.719997 23.410005 127.370005
216.719997 22.700005 126.380005
216.719997 22.730005 126.340005
218.919997 22.470005 126.790005
216.719997 23.420005 126.760005
216.669997 23.120005 126.310005
216.719997 22.740005 127.170005
216.719997 22.830005 127.180005
216.719997 22.630005 126.510005
216.719997 23.260005 126.120005
218.919997 22.450005 126.750005
216.769997 23.430005 127.090005
216.769997 22.860005 126.250005
216.719997 23.310005 126.110005
216.719997 23.170005 126.200005
216.719997 23.010005 127.210005
216.769997 22.780005 126.240005
216.669997 23.240005 126.150005
216.669997 23.390005 127.310005
218.919997 22.740005 126.740005
216.769997 23.430005 126.090005
216.719997 23.240005 126.130005
216.769997 22.710005 127.220005
218.869997 22.570005 126.640005
216.719997 23.090005 126.260005
216.769997 23.150005 127.330005
216.719997 22.810005 126.320005
216.669997 23.380005 126.120005
218.869997 22.440005 126.780005
216.769997 23.140005 126.180005
216.719997 23.420005 126.960005
218.869997 22.590005 126.860005
216.769997 23.430005 126.440005
216.669997 22.700005 126.440005
216.769997 23.090005 126.200005
216.719997 23.410005 126.100005
216.719997 23.060005 127.230005
218.869997 22.670005 126.830005
216.769997 23.220005 126.130005
216.769997 23.410005 126.070005
218.869997 22.730005 126.720005
218.869997 22.700005 126.790005
216.669997 22.730005 126.400005
216.719997 23.400005 127.410005
216.769997 23.280005 127.410005
216.719997 23.150005 127.280005
218.869997 22.490005 126.850005
216.769997 22.650005 126.540005
216.769997 22.670005 126.340005
218.869997 22.620005 126.640005
216.769997 23.440005 126.740005
216.769997 23.360005 126.070005
216.719997 23.210005 127.360005
218.869997 22.470005 126.660005
216.719997 23.410005 127.010005
216.719997 22.620005 126.710005
216.769997 23.430005 127.390005
216.769997 23.440005 126.940005
216.719997 23.100005 127.250005
218.869997 22.430005 126.740005
216.769997 22.700005 126.300005
216.769997 23.430005 127.340005
216.769997 22.740005 126.270005
216.769997 23.380005 127.430005
216.769997 22.640005 126.740005
216.769997 22.640005 126.790005
216.769997 23.430005 127.040005
218.869997 22.660005 126.650005
216.769997 22.650005 126.990005
216.769997 23.430005 126.990005
216.769997 22.950005 126.250005
218.869997 22.630005 126.860005
216.769997 22.660005 127.090005
216.769997 23.260005 126.100005
216.769997 22.900005 126.270005
216.769997 22.970005 127.260005
216.769997 23.200005 127.360005
218.869997 22.750005 126.780005
216.769997 22.880005 127.240005
216.819997 22.680005 127.250005
216.769997 23.180005 126.160005
216.769997 22.660005 126.390005
218.869997 22.690005 126.690005
216.719997 22.640005 126.460005
216.719997 22.780005 127.200005
216.769997 23.040005 126.210005
218.869997 22.450005 126.830005
216.819997 23.160005 126.160005
216.769996 23.430005 127.440005
216.769997 23.440005 126.590005
216.819996 23.420005 127.460005
216.819997 22.900005 127.320005
216.769997 22.640005 126.890005
216.719997 22.619005 126.761005
216.719997 23.250005 127.380005
216.819997 23.450005 127.200005
216.819997 22.950005 127.310005
216.819997 22.660005 126.950005
216.769997 23.330005 127.420005
216.819996 23.450005 127.450005
216.819997 22.850005 127.330005
216.769997 23.430005 126.490005
216.769997 22.920005 127.240005
216.769997 22.830005 127.270005
216.819997 23.450005 127.250005
216.769997 23.240005 127.390005
216.819997 22.660005 126.550005
216.769997 22.820005 126.220005
216.769997 23.430005 127.140005
216.769997 22.650005 126.590005
216.819997 23.230005 127.390005
218.869997 22.770005 126.730005
216.819997 22.810005 127.330005
216.819997 23.460005 126.900005
216.819997 22.680005 126.250005
218.869997 22.790005 126.760005
216.769997 23.430005 126.290005
216.819997 22.905005 126.210005
216.819997 23.450005 126.360005
216.769997 22.790005 127.280005
216.819997 22.710005 126.210005
218.869997 22.440005 126.690005
216.769997 22.660005 127.140005
216.819997 23.460005 126.660005
216.819997 23.190005 127.360005
218.819997 22.660005 126.660005
216.819997 22.660005 126.750005
216.819997 22.850005 126.170005
216.819997 23.450005 126.110005
216.819997 22.760005 126.190005
218.819997 22.470005 126.740005
218.819997 22.470005 126.790005
216.819997 22.900005 126.190005
216.819997 23.370005 127.450005
218.819997 22.610005 126.860005
216.769997 23.430005 126.240005
216.769997 22.680005 127.180005
216.769997 22.640005 126.840005
216.869997 23.190005 127.370005
218.819997 22.700005 126.690005
218.819997 22.780005 126.790005
216.819997 23.330005 126.060005
216.869997 23.310005 126.050005
216.819997 23.010005 126.180005
216.819997 23.240005 126.110005
218.819997 22.620005 126.640005
218.819997 22.530005 126.660005
216.869997 23.270005 126.070005
216.819997 22.720005 127.290005
216.769997 22.650005 127.040005
216.869997 23.470005 126.250005
216.819997 23.380005 126.050005
216.819997 23.420005 126.040005
216.819997 23.280005 126.070005
216.819997 23.460005 126.850005
216.819997 22.760005 127.310005
216.869997 23.310005 127.460005
216.819997 23.460005 126.750005
218.819997 22.470005 126.840005
216.819997 23.320005 127.440005
216.819997 23.460005 126.610005
216.819997 23.100005 127.340005
216.869997 23.470005 126.060005
216.869997 23.000005 126.170005
216.869997 23.470005 127.300005
216.819997 22.800005 126.170005
218.819997 22.510005 126.840005
216.869997 23.480005 127.000005
216.769997 23.440005 126.540005
216.819997 23.060005 126.170005
216.819997 23.450005 126.310005
216.819997 23.450005 126.060005
218.819997 22.660005 126.850005
216.869997 23.230005 126.110005
216.869997 23.480005 126.450005
216.869997 23.190005 126.130005
216.819997 23.270005 127.430005
216.869997 23.140005 126.140005
218.819997 22.690005 126.820005
216.869997 23.050005 126.160005
216.869997 22.900005 126.150005
216.869997 22.700005 126.260005
216.819997 22.960005 126.190005
216.869997 22.740005 127.330005
218.819997 22.800005 126.720005
216.869996 23.460005 127.480005
216.869997 22.780005 126.160005
216.869996 23.360005 127.470005
218.819997 22.460005 126.700005
216.869997 23.470005 126.210005
216.869997 22.990005 127.330005
216.869997 22.670005 126.760005
216.869997 22.830005 127.360005
216.869997 22.780005 127.350005
216.869997 22.680005 126.900005
216.869997 22.700005 127.300005
216.919997 22.690005 126.720005
216.869997 22.890005 127.350005
216.819997 23.150005 127.350005
216.869997 22.680005 126.810005
216.869997 23.030005 127.340005
216.919997 23.090005 126.140005
216.869997 23.460005 126.020005
216.869997 22.940005 127.340005
216.869997 22.950005 126.170005
216.819997 23.200005 126.140005
216.869997 22.830005 126.140005
216.869997 23.470005 126.310005
216.919997 22.690005 126.880005
216.919997 23.490005 127.110005
216.919996 23.490005 127.360005
216.919997 23.470005 126.020005
216.919997 22.720005 126.170005
216.869997 23.480005 126.750005
218.819997 22.830005 126.770005
216.869997 23.470005 127.200005
216.919997 23.240005 126.100005
218.819997 22.840005 126.740005
216.869996 23.470005 127.450005
216.919997 23.500005 127.060005
216.869997 23.480005 127.050005
216.919997 23.500005 126.600005
216.869997 23.470005 127.250005
218.819997 22.480005 126.660005
216.869997 22.670005 126.710005
216.869997 22.730005 126.180005
216.919997 23.490005 127.310005
216.919997 23.190005 126.120005
216.919997 22.900005 126.120005
216.919997 22.690005 126.780005
218.769997 22.620005 126.850005
216.869997 22.680005 126.610005
216.919997 23.370005 126.040005
216.869997 23.230005 127.400005
216.919997 23.000005 126.150005
218.769997 22.740005 126.680005
218.769997 22.800005 126.810005
216.919997 23.490005 126.100005
216.919996 23.420005 127.470005
216.919997 22.720005 127.330005
216.919997 23.320005 127.460005
218.769997 22.830005 126.710005
216.919997 22.750005 126.140005
216.919997 23.320005 126.040005
218.769997 22.510005 126.710005
216.919997 22.700005 126.620005
216.869997 22.850005 126.140005
216.919997 22.720005 127.280005
218.769997 22.520005 126.760005
216.919997 23.190005 127.390005
216.919997 23.230005 127.400005
218.769997 22.510005 126.810005
216.869997 22.680005 126.860005
216.919997 22.850005 127.390005
216.919997 22.900005 127.390005
216.919997 22.800005 126.130005
216.919997 23.280005 126.070005
218.769997 22.520005 126.850005
216.919997 23.140005 126.130005
216.969997 23.320005 127.450005
216.969997 22.740005 127.330005
216.919997 22.950005 126.140005
216.869997 22.700005 126.210005
216.869997 23.480005 126.500005
216.919997 22.710005 126.370005
218.769997 22.660005 126.850005
216.969997 22.730005 126.390005
216.919997 22.990005 127.350005
216.869997 23.270005 127.430005
218.769997 22.850005 126.790005
216.969997 23.510005 126.140005
216.969997 23.200005 126.110005
218.769997 22.650005 126.640005
216.919997 23.040005 127.360005
216.969997 23.510005 126.390005
216.969997 22.740005 126.240005
218.769997 22.600005 126.650005
216.969997 23.330005 126.050005
216.919997 22.750005 127.360005
216.969997 23.510005 126.540005
216.919997 22.850005 126.120005
216.919997 23.490005 126.050005
216.919997 23.270005 127.430005
216.919997 23.140005 127.380005
216.969996 23.460005 127.480005
216.969997 22.870005 126.090005
216.969997 23.510005 127.280005
218.769997 22.520005 126.670005
216.969997 23.080005 127.380005
216.919997 22.710005 126.320005
216.969997 23.100005 126.120005
216.969997 22.730005 127.080005
216.919997 23.500005 126.810005
216.919997 23.500005 126.400005
216.919996 23.470005 127.480005
216.919997 22.800005 127.380005
216.969997 23.520005 126.930005
216.969997 22.710005 126.680005
216.969997 23.250005 126.100005
216.969997 23.510005 127.080005
216.969997 23.290005 126.070005
216.969997 23.480005 126.020005
216.969997 22.730005 126.430005
216.969996 23.410005 127.470005
216.919997 23.490005 126.150005
216.919997 23.500005 126.860005
216.969996 23.360005 127.470005
216.919997 23.500005 126.750005
216.969997 23.510005 126.340005
218.769997 22.880005 126.730005
216.969997 22.910005 126.090005
216.919997 23.500005 126.650005
216.969997 22.720005 127.030005
218.769997 22.890005 126.760005
216.969996 23.510005 127.330005
217.019997 22.760005 127.320005
216.969997 22.770005 126.110005
216.969997 23.050005 126.130005
216.969997 23.230005 127.390005
218.769997 22.550005 126.650005
217.019997 23.450005 126.030005
217.019997 22.760005 127.370005
216.969997 22.790005 127.400005
216.969997 23.520005 126.690005
216.969997 22.820005 126.100005
216.919997 23.490005 126.350005
216.969997 22.740005 127.380005
216.969997 22.930005 127.410005
217.019996 23.520005 127.390005
216.969997 23.430005 126.030005
217.019997 23.270005 126.100005
218.719997 22.830005 126.680005
218.719997 22.820005 126.820005
216.969997 22.730005 126.290005
217.019997 23.050005 127.390005
217.019997 23.530005 127.140005
216.919997 23.090005 127.370005
218.719997 22.870005 126.700005
218.719997 22.860005 126.810005
216.969997 23.380005 126.040005
216.969997 22.730005 127.230005
216.969997 22.740005 126.140005
216.969997 23.510005 127.030005
218.719997 22.560005 126.720005
216.969996 23.500005 127.480005
216.969997 23.270005 127.420005
216.969997 23.520005 126.740005
218.719997 22.560005 126.820005
217.019997 23.310005 126.070005
217.019997 22.740005 127.020005
218.719997 22.720005 126.850005
216.969997 23.040005 127.370005
217.019997 23.100005 127.390005
217.019997 22.750005 127.170005
217.019997 23.350005 126.040005
217.019997 23.020005 126.100005
218.719997 22.920005 126.730005
217.019997 23.530005 126.440005
216.969997 23.500005 126.040005
216.969997 23.500005 126.090005
217.019997 23.540005 126.940005
218.719997 22.680005 126.640005
218.719997 22.640005 126.640005
217.019997 22.930005 126.060005
217.019997 22.760005 126.110005
217.019997 22.750005 127.120005
217.019997 22.860005 127.430005
217.019997 22.980005 126.080005
218.719997 22.560005 126.770005
217.019997 23.220005 126.110005
217.019997 23.530005 126.990005
218.719997 22.590005 126.640005
216.969997 23.520005 126.790005
216.969997 23.010005 126.120005
216.969997 22.710005 126.780005
218.719997 22.570005 126.680005
216.969997 22.710005 126.830005
218.719997 22.620005 126.860005
216.969997 22.880005 127.420005
217.019997 22.960005 127.430005
217.019997 22.910005 127.440005
217.019996 23.370005 127.470005
217.069997 22.760005 127.060005
217.019997 22.760005 126.160005
217.019997 22.730005 126.810005
217.019997 22.750005 126.360005
217.019997 23.280005 127.420005
217.019997 22.750005 126.310005
217.019997 23.530005 126.740005
216.969997 22.709005 126.731005
217.019997 23.540005 126.790005
217.069997 23.300005 127.420005
217.069996 23.390005 127.470005
217.019996 23.470005 127.480005
218.719997 22.580005 126.860005
217.019997 22.820005 127.430005
217.019997 23.070005 126.120005
217.069997 23.550005 126.740005
217.069997 22.750005 126.660005
218.719997 22.770005 126.840005
217.069997 22.770005 127.360005
217.069997 22.760005 126.460005
217.019996 23.520005 127.490005
217.019997 23.520005 126.240005
218.719997 22.670005 126.870005
217.019997 23.520005 126.040005
217.019997 23.400005 126.030005
217.019997 23.540005 126.840005
217.069997 22.990005 126.080005
217.019997 23.530005 126.390005
218.719997 22.730005 126.650005
217.019997 22.780005 126.080005
217.019997 23.240005 127.400005
217.019997 22.730005 126.760005
217.019997 23.540005 126.640005
216.919996 23.490005 127.460005
218.719997 22.910005 126.780005
217.019997 23.540005 126.690005
218.719997 22.950005 126.750005
217.019997 22.880005 126.070005
217.019997 23.530005 126.290005
216.969997 22.730005 127.180005
217.019997 23.010005 127.410005
217.069997 23.560005 126.640005
217.069997 23.560005 126.990005
217.069996 23.440005 127.480005
217.019997 22.740005 126.460005
217.069997 23.510005 126.020005
217.069997 23.110005 127.390005
217.069997 23.550005 126.490005
217.019997 23.500005 126.020005
217.019997 22.770005 127.420005
217.019996 23.520005 127.340005
217.019997 22.730005 126.710005
217.069997 23.410005 126.020005
217.069997 22.800005 126.080005
217.069997 22.740005 126.710005
217.069997 23.030005 126.100005
217.069997 23.560005 126.540005
218.669997 22.780005 126.640005
217.019997 22.740005 126.970005
217.069997 23.340005 127.450005
218.669997 22.870005 126.680005
218.669997 22.960005 126.780005
217.019997 22.740005 126.510005
217.019996 23.520005 127.440005
217.019996 23.420005 127.470005
217.069997 23.540005 126.140005
218.669997 22.920005 126.700005
218.669997 22.630005 126.660005
217.069997 22.780005 127.420005
217.069997 22.750005 126.510005
217.069996 23.540005 127.440005
217.069996 23.490005 127.480005
217.069997 22.770005 126.160005
217.069997 22.920005 127.440005
217.069997 23.080005 126.110005
218.669997 22.600005 126.710005
218.669997 22.599005 126.801005
217.069997 22.750005 126.960005
217.069997 22.760005 127.110005
217.069997 22.940005 126.060005
217.069997 23.010005 127.410005
217.069997 22.740005 126.760005
217.069997 22.770005 126.210005
217.019997 23.330005 127.440005
218.669997 22.610005 126.750005
217.069997 22.770005 126.110005
217.069996 23.540005 127.490005
218.669997 22.690005 126.880005
217.069997 22.770005 127.320005
217.069997 22.820005 127.430005
217.119997 23.320005 127.420005
217.069997 22.760005 126.360005
217.119997 22.780005 126.310005
218.669997 22.780005 126.860005
218.669997 22.880005 126.830005
217.069997 22.770005 127.260005
217.069996 23.540005 127.340005
218.669997 22.960005 126.720005
217.119997 23.560005 126.190005
217.069997 23.260005 127.400005
217.119997 23.580005 126.940005
217.119997 22.780005 127.160005
217.069997 23.560005 126.940005
217.069997 22.970005 127.430005
218.669997 22.919005 126.801005
217.119997 23.580005 126.590005
218.669997 22.740005 126.870005
217.069997 23.550005 126.790005
217.119997 22.760005 126.710005
217.119996 23.400005 127.470005
218.669997 22.730005 126.630005
217.069997 23.060005 127.390005
217.119997 22.780005 127.210005
217.119997 22.770005 126.960005
217.119997 22.830005 127.430005
217.119997 23.569005 127.141005
217.119997 23.250005 126.100005
217.069997 22.890005 126.060005
217.119997 22.760005 126.760005
217.069997 23.560005 126.890005
217.069997 23.280005 126.100005
217.069997 22.750005 126.910005
218.669997 22.680005 126.630005
217.119997 22.770005 127.010005
218.669997 22.640005 126.630005
217.119997 23.480005 126.020005
217.119997 23.530005 126.020005
217.119997 22.760005 126.660005
217.119996 23.450005 127.480005
217.119997 23.560005 126.040005
217.069997 22.770005 127.210005
217.119997 23.570005 126.440005
217.119997 22.790005 126.110005
217.069997 22.770005 126.260005
217.119997 23.580005 126.540005
217.119997 23.020005 127.420005
217.069997 22.760005 126.310005
217.119997 23.360005 127.440005
217.119997 23.570005 127.190005
217.119997 22.960005 126.060005
217.069997 23.320005 126.070005
218.669997 22.630005 126.840005
217.119997 23.100005 126.110005
217.119997 22.760005 126.860005
217.069997 22.760005 127.170005
217.119997 23.010005 126.080005
217.119997 22.790005 127.360005
218.669997 22.640005 126.870005
217.119997 22.980005 127.440005
217.169997 22.770005 126.670005
217.119997 22.770005 126.910005
217.119997 22.780005 127.110005
217.069997 23.559005 126.841005
217.119997 22.770005 126.610005
217.169997 22.780005 126.570005
217.119997 22.770005 126.560005
217.069997 22.750005 126.610005
217.169997 22.800005 126.170005
217.119997 22.860005 126.070005
217.069997 23.560005 126.590005
217.069997 23.230005 126.100005
217.169997 22.770005 126.720005
217.169997 23.530005 126.050005
217.119997 22.790005 127.310005
217.119997 23.300005 126.090005
217.119997 23.120005 127.400005
217.119997 23.340005 126.070005
217.069997 23.560005 126.690005
217.069997 23.540005 126.040005
217.169997 22.790005 127.020005
217.119997 23.570005 126.790005
218.669997 23.000005 126.750005
217.119997 23.270005 127.410005
217.119997 23.069005 127.401005
217.169997 23.150005 126.100005
218.619997 22.660005 126.800005
217.119997 22.770005 126.510005
217.119997 22.790005 126.160005
217.119997 23.580005 126.640005
217.119997 23.580005 126.890005
217.119997 22.930005 127.440005
218.619997 22.680005 126.840005
217.119997 22.770005 126.460005
217.119997 22.780005 126.360005
217.169997 22.780005 126.520005
217.119997 22.780005 126.260005
217.169997 22.960005 126.060005
217.119996 23.560005 127.440005
217.119997 22.780005 126.410005
218.619997 22.820005 126.640005
217.169997 23.100005 127.400005
217.169997 22.790005 126.470005
218.619997 22.920005 126.670005
218.619997 22.970005 126.800005
217.169997 23.050005 127.420005
217.169997 22.790005 126.420005
218.619997 22.840005 126.860005
217.169997 23.380005 127.440005
217.169997 22.810005 127.380005
218.619997 22.650005 126.710005
217.119996 23.500005 127.480005
217.119997 23.580005 126.490005
217.169997 22.810005 127.420005
217.119997 23.570005 126.740005
217.169996 23.460005 127.450005
218.619997 22.680005 126.670005
217.119997 23.430005 126.020005
217.119997 22.790005 127.410005
217.119997 23.050005 126.100005
217.119997 22.790005 126.210005
217.169996 23.560005 127.440005
217.119997 22.780005 127.260005
217.169997 22.960005 127.440005
218.619997 23.000005 126.720005
217.169997 23.010005 126.070005
218.619997 22.660005 126.760005
217.169996 23.510005 127.460005
217.119997 23.580005 126.990005
217.119997 23.560005 126.140005
217.169997 22.780005 126.920005
217.119997 22.810005 126.080005
217.169996 23.580005 127.300005
218.619997 22.690005 126.880005
217.169996 23.580005 127.350005
217.169997 22.800005 126.320005
217.169997 22.790005 126.370005
217.169997 23.300005 127.410005
217.119996 23.550005 127.490005
218.619997 22.740005 126.890005
217.169997 23.000005 127.430005
217.169997 23.590005 126.460005
218.619997 22.930005 126.830005
217.169997 23.340005 126.080005
217.219997 23.620005 126.550005
218.619997 22.890005 126.850005
217.169997 23.590005 127.060005
217.169997 22.780005 126.970005
217.119997 22.910005 126.060005
217.169997 23.050005 126.090005
217.219997 22.870005 127.430005
218.619997 22.960005 126.690005
217.169997 23.430005 126.040005
217.169997 22.800005 126.220005
217.169997 23.580005 126.110005
217.169997 23.600005 127.010005
217.169997 23.600005 126.610005
217.169996 23.420005 127.470005
217.169997 23.100005 126.100005
217.169997 23.390005 126.050005
218.619997 22.780005 126.620005
218.619997 22.730005 126.620005
217.219997 22.800005 126.480005
217.169997 23.300005 126.090005
217.169997 23.590005 126.360005
217.169997 23.600005 126.560005
218.619997 22.700005 126.620005
217.169997 23.570005 126.070005
217.219997 23.620005 126.500005
217.169997 23.250005 127.410005
217.169997 23.600005 126.960005
217.169997 22.810005 126.130005
217.219997 23.070005 126.080005
217.219997 22.820005 126.080005
217.169997 23.580005 126.760005
217.219997 22.810005 126.430005
218.619997 22.790005 126.880005
217.169997 22.810005 126.080005
217.219997 23.210005 126.090005
217.169997 22.780005 126.870005
217.169997 22.770005 126.820005
217.219997 22.810005 127.070005
217.219997 22.820005 126.130005
217.169997 23.590005 126.710005
217.219997 23.610005 127.100005
217.169997 23.480005 126.050005
217.119997 23.580005 126.840005
218.619997 23.020005 126.780005
217.219997 22.810005 126.330005
217.169997 23.190005 127.400005
217.219997 23.360005 126.080005
217.169997 23.150005 127.400005
217.169997 23.590005 127.110005
218.619997 23.040005 126.750005
217.169997 23.600005 126.910005
217.219997 22.790005 126.830005
217.219997 22.790005 126.880005
217.219997 22.810005 127.220005
217.219997 22.790005 126.930005
217.169997 23.600005 126.510005
217.169997 22.800005 126.270005
217.219997 23.110005 126.100005
217.219997 23.610005 126.400005
217.169996 23.580005 127.400005
217.219997 23.620005 127.000005
217.219997 22.790005 126.630005
217.219997 23.540005 126.100005
217.219997 22.800005 127.030005
217.219997 23.450005 126.060005
217.219996 23.530005 127.410005
217.219997 22.820005 127.420005
218.569997 22.870005 126.630005
218.569997 22.970005 126.830005
217.169997 22.770005 126.770005
217.219997 23.060005 127.420005
217.169997 23.330005 127.420005
217.219997 23.410005 126.060005
218.569997 23.050005 126.710005
218.569997 22.740005 126.660005
217.219997 23.360005 127.430005
217.219997 23.600005 126.210005
217.219997 23.160005 126.100005
217.269997 22.830005 126.280005
217.269997 23.640005 127.040005
218.569997 22.710005 126.800005
217.219997 23.620005 127.050005
217.219997 23.600005 126.750005
217.219997 22.810005 126.280005
217.219997 22.810005 126.380005
217.219997 23.020005 127.440005
217.269997 23.280005 126.100005
217.169997 23.590005 126.660005
218.569997 22.760005 126.880005
218.569997 22.710005 126.700005
217.219997 22.810005 127.120005
217.269997 22.800005 126.930005
217.219997 23.310005 126.090005
218.569997 22.700005 126.750005
217.219997 22.790005 126.580005
217.219996 23.490005 127.430005
217.219997 22.790005 126.680005
218.569997 22.780005 126.890005
217.269996 23.430005 127.440005
217.269997 23.330005 126.090005
217.219997 23.580005 126.120005
218.569997 22.920005 126.860005
217.219997 23.110005 127.410005
217.269997 22.830005 127.180005
217.219997 23.610005 127.150005
218.569997 22.880005 126.870005
217.219996 23.400005 127.450005
217.219997 22.820005 126.230005
217.219996 23.610005 127.250005
218.569997 23.010005 126.690005
218.569997 22.970005 126.670005
217.269997 23.340005 127.420005
217.269997 23.460005 126.080005
217.219996 23.450005 127.440005
217.269997 23.640005 126.390005
217.219997 23.260005 127.410005
218.569997 22.920005 126.650005
217.219997 23.620005 126.950005
217.219997 23.610005 126.260005
217.219996 23.600005 127.300005
217.219997 23.210005 127.410005
217.219997 22.820005 127.320005
217.219996 23.580005 127.390005
217.269997 23.050005 127.430005
217.269997 23.510005 126.100005
217.219997 23.600005 126.160005
217.219997 22.820005 126.180005
217.219997 23.310005 127.420005
218.569997 23.060005 126.790005
217.269997 23.290005 127.410005
217.169997 23.590005 126.410005
217.269997 22.800005 126.780005
217.269997 23.590005 126.160005
217.219996 23.600005 127.350005
218.569997 22.760005 126.620005
217.219997 23.160005 127.410005
217.219997 23.260005 126.090005
217.219997 23.020005 126.070005
217.269997 22.900005 127.430005
217.269997 22.980005 126.060005
218.569997 22.820005 126.620005
217.219997 23.620005 126.460005
217.269997 23.640005 127.000005
217.269997 22.830005 126.180005
217.269997 22.800005 126.680005
217.219997 22.810005 127.170005
217.269997 22.840005 126.080005
217.219997 22.970005 126.060005
217.219997 22.820005 127.370005
217.269997 22.830005 126.230005
217.269997 23.640005 127.100005
217.269997 22.840005 127.390005
217.269996 23.520005 127.390005
217.219997 22.970005 127.440005
217.269997 22.800005 126.530005
217.269997 23.180005 126.090005
217.269997 23.380005 126.080005
217.269997 23.089005 127.421005
217.269997 22.800005 126.880005
217.219997 22.820005 127.270005
217.269997 23.230005 126.090005
217.269997 23.630005 127.190005
217.269997 22.830005 127.290005
217.219997 23.610005 126.360005
217.269997 23.000005 127.450005
217.269997 22.830005 127.330005
217.269996 23.600005 127.330005
217.319997 22.850005 126.190005
217.269997 23.630005 126.190005
217.219997 23.490005 126.080005
217.269997 22.820005 126.330005
217.269997 23.420005 126.060005
218.569997 23.090005 126.750005
217.269997 22.810005 127.040005
217.269997 23.610005 126.750005
217.269996 23.480005 127.410005
217.269997 23.620005 126.690005
217.319997 22.840005 127.280005
217.269997 23.080005 126.080005
218.569997 22.770005 126.610005
217.269997 23.240005 127.410005
217.269997 23.630005 126.290005
217.269996 23.630005 127.250005
217.319997 23.650005 126.330005
217.319996 23.610005 127.350005
218.519997 22.810005 126.630005
217.319997 23.640005 126.290005
217.269997 22.799005 126.731005
217.319997 22.850005 126.090005
217.269997 22.950005 127.440005
218.519997 22.750005 126.760005
218.519997 22.770005 126.810005
217.269997 23.640005 126.500005
217.269997 23.630005 126.350005
218.519997 22.940005 126.870005
217.269997 23.630005 127.140005
217.319996 23.490005 127.420005
217.319997 23.510005 126.740005
217.269996 23.630005 127.300005
218.519997 23.090005 126.700005
217.269997 22.830005 127.240005
217.319997 23.620005 126.190005
218.519997 23.000005 126.660005
217.269997 23.620005 126.790005
217.269997 22.800005 126.830005
218.519997 22.960005 126.640005
218.519997 23.030005 126.830005
217.269997 22.890005 126.070005
217.269997 23.640005 126.550005
217.319997 22.990005 126.060005
217.319997 23.100005 127.430005
217.319997 23.650005 127.000005
217.269997 23.640005 126.450005
217.319997 23.650005 126.380005
217.319996 23.630005 127.300005
217.269997 22.850005 127.430005
218.519997 22.750005 126.720005
217.319997 22.850005 127.330005
217.269997 23.640005 126.940005
217.319997 22.890005 126.070005
217.269997 23.630005 126.250005
217.319996 23.440005 127.430005
217.319997 22.820005 126.740005
217.319997 23.060005 127.440005
217.319997 22.850005 127.380005
217.319997 23.010005 127.450005
217.319997 23.330005 126.090005
217.319997 23.650005 127.100005
217.269997 23.030005 126.070005
217.319997 22.809005 126.691005
218.519997 22.890005 126.890005
217.319997 23.560005 126.120005
217.269997 22.840005 126.130005
217.319997 23.572005 126.639005
217.319997 22.810005 126.840005
217.319997 23.300005 127.410005
218.519997 22.840005 126.900005
217.319997 23.230005 126.100005
217.319997 22.860005 127.430005
217.319997 23.595005 127.037005
218.519997 22.820005 126.890005
217.319997 23.630005 126.240005
217.319997 23.600005 126.150005
218.519997 22.800005 126.850005
217.319997 23.640005 126.530005
218.519997 23.110005 126.780005
217.369997 23.640005 126.240005
217.319997 23.530005 126.790005
217.319997 22.810005 126.890005
218.519997 23.050005 126.680005
217.319997 22.910005 127.430005
217.319997 23.605005 126.443005
217.269997 23.190005 127.410005
217.319996 23.640005 127.250005
217.269997 23.130005 126.090005
217.319997 23.370005 126.080005
217.319997 23.660005 126.480005
217.319996 23.640005 127.200005
217.319997 23.520005 126.090005
218.519997 22.910005 126.620005
217.269997 23.140005 127.410005
217.319997 23.590005 126.895005
218.519997 22.810005 126.600005
217.319997 23.660005 127.050005
217.369997 22.980005 127.400005
217.319997 22.820005 126.540005
217.319997 23.660005 126.430005
217.319997 23.420005 126.070005
217.369997 22.830005 126.870005
217.369997 23.440005 126.540005
217.319997 23.558005 126.971005
217.369997 23.420005 126.830005
217.369997 23.400005 126.740005
217.369997 23.650005 127.030005
217.369997 23.600005 127.110005
217.319997 22.820005 126.790005
217.269997 22.800005 126.580005
218.519997 22.990005 126.860005
217.369996 23.390005 127.440005
217.319997 23.565005 126.493005
217.319997 22.810005 126.640005
217.319997 22.850005 126.140005
217.369997 23.630005 127.080005
218.519997 23.080005 126.820005
217.319997 23.090005 126.070005
217.369997 22.830005 126.970005
217.319997 23.150005 127.410005
217.369997 23.300005 127.410005
217.319997 23.595005 127.075005
217.319997 23.040005 126.060005
217.369997 23.080005 126.120005
217.369997 23.490005 126.080005
218.519997 23.120005 126.740005
217.369997 23.020005 127.430005
217.319997 22.820005 126.490005
217.369997 22.830005 126.620005
217.369997 23.430005 126.930005
217.369997 23.410005 126.790005
217.369997 23.560005 127.080005
217.369997 23.450005 126.980005
217.369997 23.640005 126.450005
217.369997 22.860005 127.360005
218.469997 22.820005 126.700005
217.369996 23.460005 127.440005
217.369997 23.660005 126.470005
218.469997 22.810005 126.790005
217.319996 23.530005 127.410005
217.319997 23.340005 127.420005
217.369997 22.830005 126.820005
217.319997 23.130005 126.100005
218.469997 23.110005 126.840005
217.319997 22.820005 126.990005
217.369997 22.830005 126.470005
218.469997 23.030005 126.640005
217.369997 22.840005 126.370005
217.319997 23.470005 126.080005
218.469997 23.120005 126.680005
217.369996 23.620005 127.340005
217.319997 22.840005 127.230005
218.469997 23.080005 126.660005
218.469997 22.870005 126.610005
217.369997 23.660005 126.390005
217.369997 23.590005 126.410005
217.369996 23.600005 127.380005
217.369997 23.420005 126.640005
217.369997 22.860005 126.110005
218.469997 22.860005 126.870005
217.369997 22.830005 126.670005
217.369997 22.880005 127.400005
217.369997 23.100005 127.390005
217.319997 22.820005 127.040005
217.369997 22.830005 126.420005
218.469997 22.790005 126.740005
217.369996 23.420005 127.470005
217.319997 22.820005 126.930005
217.369997 23.450005 126.050005
217.319997 23.250005 127.400005
217.369997 22.830005 126.570005
217.369997 23.670005 127.100005
217.369997 23.180005 126.110005
217.369997 22.830005 126.770005
217.369996 23.640005 127.240005
217.369997 23.620005 126.410005
218.469997 22.870005 126.910005
217.419997 22.900005 126.180005
217.419997 23.290005 127.420005
217.319997 22.810005 126.590005
217.419997 23.680005 126.460005
217.369997 22.830005 126.720005
217.369997 23.650005 126.340005
217.419997 23.330005 126.850005
217.419996 23.660005 127.220005
218.469997 22.920005 126.900005
218.469997 22.970005 126.890005
217.319997 23.523005 126.609005
217.369997 23.350005 127.420005
217.369997 23.410005 126.040005
217.319997 23.280005 126.100005
218.469997 23.020005 126.870005
217.419997 23.150005 127.390005
217.419997 23.050005 127.360005
217.419997 23.190005 127.390005
217.369997 22.960005 126.100005
217.369996 23.510005 127.420005
217.369997 23.060005 127.400005
217.369997 23.580005 126.110005
217.369996 23.650005 127.190005
217.369997 22.840005 127.170005
218.469997 23.170005 126.760005
217.319997 23.180005 126.100005
217.369997 22.840005 126.320005
217.419997 23.490005 126.420005
218.469997 23.150005 126.720005
217.369997 23.610005 126.140005
217.369997 22.910005 126.110005
217.369997 23.640005 126.290005
217.369997 22.830005 127.020005
217.419997 23.620005 126.420005
217.369997 22.830005 127.070005
217.419997 23.450005 127.060005
217.369997 23.200005 127.390005
217.369997 23.330005 126.090005
217.419997 22.850005 127.150005
217.369997 23.680005 127.050005
217.369997 23.650005 127.140005
218.469997 22.990005 126.620005
217.419997 23.679005 127.041005
218.469997 22.850005 126.660005
217.419997 23.640005 126.240005
217.369997 23.280005 126.100005
217.419997 22.980005 126.140005
217.369997 23.410005 126.690005
217.419997 23.350005 126.560005
217.419997 23.540005 126.420005
218.469997 22.940005 126.610005
217.419996 23.360005 127.490005
217.369997 23.250005 127.400005
217.369997 23.150005 127.400005
217.419997 23.640005 126.470005
217.419996 23.480005 127.500005
217.419997 23.380005 126.990005
217.419997 22.860005 126.200005
217.369997 23.480005 126.510005
217.419997 23.380005 126.520005
217.419997 22.840005 126.400005
217.319997 23.390005 127.430005
217.419997 23.150005 126.120005
217.419997 22.840005 126.500005
217.369997 22.840005 127.210005
217.419997 23.330005 126.660005
217.419997 22.840005 126.850005
217.369997 23.130005 126.110005
218.469997 22.890005 126.600005
217.369996 23.560005 127.410005
217.369997 23.040005 126.090005
217.419997 23.680005 126.330005
217.419997 23.700005 126.420005
217.419997 23.340005 126.610005
217.369997 23.010005 126.090005
218.419997 22.920005 126.870005
217.419997 23.630005 126.190005
217.369997 23.370005 126.080005
217.419997 23.560005 126.070005
217.419997 22.840005 126.450005
217.419996 23.700005 127.130005
218.419997 23.160005 126.830005
217.419997 23.100005 126.130005
217.419997 22.970005 127.360005
218.419997 22.870005 126.710005
217.419997 23.250005 126.110005
217.369997 23.680005 126.430005
218.419997 22.840005 126.750005
217.419997 22.940005 127.330005
217.419997 22.890005 127.320005
217.419996 23.620005 127.310005
217.319997 23.576005 126.901005
217.469997 23.550005 126.060005
217.419997 23.480005 126.010005
217.419997 23.290005 126.080005
217.419997 23.010005 126.130005
218.419997 23.080005 126.880005
217.469996 23.360005 127.530005
217.419997 22.840005 127.100005
217.419997 23.350005 126.950005
217.419997 23.320005 126.710005
218.419997 22.940005 126.910005
217.419997 23.590005 127.080005
217.419997 23.010005 127.380005
217.419997 23.660005 126.290005
218.419997 23.190005 126.720005
217.419997 23.700005 127.080005
217.419997 22.840005 126.600005
217.419997 23.620005 127.080005
217.469997 22.880005 127.250005
218.419997 22.990005 126.900005
217.419997 22.860005 127.250005
217.369997 23.230005 126.110005
218.419997 23.130005 126.640005
218.419997 23.080005 126.630005
217.469997 22.860005 126.710005
217.419997 22.850005 126.350005
218.419997 23.160005 126.680005
217.419997 23.580005 126.430005
217.369997 23.540005 126.090005
217.419997 22.850005 126.750005
217.469997 22.860005 127.210005
217.469997 23.580005 126.440005
218.419997 23.040005 126.620005
217.469997 23.610005 126.430005
217.419997 23.440005 125.980005
217.419996 23.640005 127.260005
217.419997 22.840005 126.650005
217.419997 23.400005 125.980005
218.419997 22.940005 126.590005
217.419997 23.050005 126.150005
217.419997 23.310005 126.750005
217.419997 23.640005 127.030005
217.419997 22.840005 126.900005
217.469997 22.910005 127.280005
217.469997 23.240005 126.720005
217.469997 23.650005 126.220005
217.419997 23.610005 126.150005
217.419997 23.700005 126.380005
217.469997 23.480005 126.450005
217.469997 23.380005 125.960005
217.469997 22.860005 127.010005
217.419997 22.840005 127.050005
217.469997 23.620005 126.120005
217.419997 22.840005 126.950005
217.419996 23.440005 127.530005
217.469997 23.620005 127.040005
217.469997 23.140005 126.130005
217.469997 23.160005 127.380005
218.419997 23.030005 126.890005
217.419996 23.610005 127.360005
217.419997 22.840005 127.000005
217.419997 23.240005 127.390005
217.469996 23.570005 127.430005
217.469997 23.700005 126.290005
217.469997 23.680005 126.260005
217.469997 23.240005 126.820005
217.469997 22.849005 126.611005
217.419997 23.330005 126.050005
217.469997 23.600005 127.080005
217.469997 23.050005 126.160005
218.419997 23.130005 126.860005
217.419996 23.400005 127.520005
217.469997 23.260005 126.960005
217.469996 23.710005 127.190005
217.469997 23.530005 126.460005
217.469997 22.860005 126.260005
218.419997 23.220005 126.750005
217.419997 22.950005 126.180005
217.469997 23.230005 126.770005
217.419997 23.540005 127.080005
217.469997 22.960005 126.160005
217.419997 23.600005 126.100005
217.469997 23.260005 126.570005
217.469997 23.710005 126.430005
217.469997 22.940005 127.320005
217.469997 22.860005 126.310005
217.469996 23.630005 127.360005
217.469997 23.090005 126.150005
217.469997 22.980005 127.350005
217.419997 23.200005 126.120005
217.469996 23.660005 127.270005
218.369997 22.890005 126.810005
218.369997 22.950005 126.880005
217.519997 23.180005 127.330005
217.419997 22.860005 127.300005
218.369997 23.140005 126.890005
217.469996 23.640005 127.320005
217.469997 22.860005 126.360005
217.419996 23.590005 127.410005
217.469997 23.110005 127.360005
217.469997 23.108005 126.143005
218.369997 23.220005 126.840005
217.469997 22.850005 126.960005
217.469997 23.720005 126.340005
217.469997 23.255005 126.908005
217.419996 23.560005 127.440005
218.369997 23.200005 126.660005
217.469997 22.860005 126.410005
217.469997 23.137005 127.273005
218.369997 23.120005 126.600005
218.369997 22.870005 126.720005
217.469997 22.900005 126.240005
217.469997 23.660005 127.030005
217.519997 22.980005 127.310005
218.369997 22.860005 126.760005
217.519996 23.430005 127.560005
217.469997 23.670005 126.460005
217.519997 23.070005 127.310005
217.469997 23.240005 127.440005
217.469996 23.530005 127.470005
217.469997 23.195005 127.225005
217.469997 23.020005 127.330005
218.369997 22.980005 126.920005
217.469997 23.720005 127.100005
217.469997 23.410005 125.930005
217.519997 22.920005 126.990005
217.519997 23.210005 127.000005
217.519997 23.670005 126.220005
217.469997 22.860005 127.110005
217.469997 23.430005 126.440005
218.369997 23.020005 126.980005
218.369997 23.100005 126.920005
217.469997 23.460005 127.060005
217.519997 23.570005 126.060005
218.369997 23.170005 126.630005
217.519997 22.940005 127.310005
217.519997 22.920005 126.440005
217.469997 23.730005 126.390005
217.469997 23.180005 126.110005
217.519997 22.950005 126.200005
217.519997 22.920005 127.140005
217.469997 23.000005 126.170005
218.369997 23.260005 126.720005
217.469997 22.930005 126.200005
217.519997 23.660005 126.170005
218.369997 23.260005 126.770005
218.369997 23.090005 126.570005
217.469997 23.510005 127.050005
217.519997 23.400005 125.950005
217.469997 23.590005 126.080005
217.519997 23.310005 127.480005
217.469997 23.700005 127.050005
218.369997 23.000005 126.530005
217.519997 23.050005 126.180005
217.469996 23.610005 127.410005
217.469996 23.400005 127.550005
218.369997 22.970005 126.560005
217.419997 23.490005 127.090005
217.469997 23.370005 127.060005
218.369997 22.970005 126.600005
217.469997 22.850005 126.910005
217.469996 23.420005 127.570005
217.469997 23.420005 127.070005
217.519997 23.110005 126.740005
217.469997 23.200005 126.290005
217.469997 23.560005 127.050005
217.519997 23.420005 127.030005
218.369997 23.270005 126.820005
217.469997 23.390005 126.430005
217.469997 23.280005 126.530005
217.519997 23.140005 126.590005
217.519997 23.440005 125.960005
217.519996 23.530005 127.460005
217.469997 22.860005 126.460005
217.519997 23.710005 127.060005
218.369997 23.250005 126.680005
217.519997 23.140005 126.890005
217.519997 22.920005 126.590005
217.519997 22.920005 126.640005
217.469996 23.730005 127.140005
217.519997 23.180005 126.140005
217.519997 23.720005 126.420005
217.469997 23.209005 126.917005
217.519997 23.290005 127.060005
217.469997 23.220005 126.580005
217.519997 23.710005 126.250005
217.519997 22.920005 126.490005
218.369997 23.050005 126.540005
217.469997 22.860005 126.760005
217.469997 23.440005 125.950005
217.519997 23.450005 126.480005
217.519997 23.640005 126.480005
217.519996 23.620005 127.410005
218.369997 22.980005 126.960005
217.519997 23.580005 126.450005
217.519997 23.690005 126.460005
217.469997 23.630005 126.480005
217.519997 22.890005 126.260005
218.369997 23.070005 126.960005
217.469996 23.690005 127.240005
217.519997 23.200005 127.240005
217.519997 23.520005 126.040005
217.519997 22.920005 126.940005
217.519997 22.920005 126.890005
217.519997 23.190005 127.210005
217.519997 22.890005 127.230005
218.319997 23.290005 126.810005
217.519997 23.120005 126.236005
217.519997 23.610005 126.090005
218.319997 23.280005 126.710005
217.519997 23.220005 127.410005
217.519997 23.610005 126.460005
217.519997 23.660005 127.040005
217.519997 23.540005 126.480005
218.319997 22.970005 126.570005
218.319997 22.900005 126.680005
217.519997 23.520005 127.010005
217.519997 23.180005 126.180005
218.319997 22.880005 126.730005
217.469997 23.115005 126.160005
217.519996 23.729005 127.241005
218.319997 22.970005 126.900005
217.469997 23.220005 126.080005
217.519997 23.139005 126.941005
218.319997 22.970005 126.930005
217.519997 23.082005 126.205005
217.519997 23.230005 126.490005
218.319997 23.290005 126.760005
217.569997 22.950005 126.260005
217.519997 23.470005 127.020005
217.519997 23.126005 127.264005
217.519997 23.740005 126.380005
217.519997 22.920005 126.690005
217.519997 23.180005 127.380005
217.519997 22.920005 126.740005
217.519997 23.210005 126.100005
218.319997 23.180005 126.560005
217.519997 23.000005 126.190005
217.519997 23.120005 126.790005
217.519997 23.400005 126.460005
218.319997 23.210005 126.590005
217.519997 23.290005 126.040005
218.319997 23.160005 126.520005
217.519997 23.350005 125.990005
217.569997 23.770005 126.320005
217.569997 23.220005 127.210005
217.519997 23.330005 127.070005
217.469997 22.850005 126.860005
217.519997 22.920005 126.840005
218.319997 23.290005 126.670005
217.519997 22.920005 126.390005
217.519997 23.030005 127.320005
217.519996 23.750005 127.150005
218.319997 23.260005 126.600005
217.519997 23.600005 127.070005
217.569997 23.570005 127.040005
217.519997 23.620005 127.020005
218.319997 23.130005 126.470005
217.519997 23.380005 127.050005
217.519997 22.920005 126.790005
217.569997 23.260005 127.070005
217.519997 23.330005 126.030005
217.519997 23.139005 126.641005
218.319997 22.970005 126.610005
217.569997 23.120005 126.430005
217.569997 23.030005 126.340005
218.319997 23.050005 126.420005
217.569997 23.020005 126.530005
217.569997 23.590005 126.450005
218.319997 22.940005 126.540005
217.519997 23.087005 127.251005
217.519997 22.920005 127.040005
217.519996 23.350005 127.510005
217.519997 23.181005 127.217005
217.519997 23.500005 126.490005
217.469997 23.230005 126.910005
217.519997 23.143005 127.163005
217.469997 23.250005 126.860005
217.519997 23.310005 126.430005
217.519996 23.650005 127.370005
218.319997 22.880005 126.780005
217.519997 23.320005 127.480005
217.569997 23.250005 126.420005
217.569997 23.030005 126.980005
217.519996 23.380005 127.560005
217.569996 23.520005 127.470005
217.519997 23.180005 126.510005
218.319997 22.900005 126.820005
217.569997 23.290005 127.040005
217.569997 23.034005 126.511005
217.519996 23.730005 127.110005
217.569997 23.280005 126.460005
218.319997 22.940005 126.970005
217.519997 22.920005 126.220005
217.569997 23.460005 125.980005
217.519997 23.640005 126.120005
217.569997 23.470005 126.520005
217.519997 23.360005 125.940005
217.519997 22.910005 126.300005
217.569997 23.730005 126.410005
217.569996 23.400005 127.550005
218.319997 23.170005 126.960005
217.569997 23.510005 126.510005
217.569997 23.580005 126.060005
217.519997 23.184005 127.057005
218.319997 23.190005 126.920005
217.519996 23.660005 127.310005
217.569997 23.020005 127.050005
217.519997 23.181005 127.011005
217.569997 23.660005 126.470005
217.569997 23.370005 125.960005
218.319997 23.080005 127.070005
217.569997 23.290005 127.440005
217.569997 23.050005 126.490005
217.519996 23.360005 127.560005
218.319997 23.120005 127.040005
217.569996 23.610005 127.430005
217.569997 23.240005 126.100005
217.519997 23.200005 126.280005
217.569996 23.360005 127.540005
217.569997 23.020005 126.450005
217.519997 22.910005 127.270005
218.319997 23.300005 126.860005
217.519997 23.141005 126.323005
217.569997 23.020005 126.500005
217.569997 23.230005 127.390005
218.319997 22.960005 126.350005
217.519997 22.920005 127.190005
218.319997 22.964005 126.371005
217.569997 23.610005 126.490005
218.319997 22.970005 126.370005
217.519997 22.920005 127.090005
217.519997 23.740005 126.290005
218.319997 23.010005 126.400005
217.569997 22.932005 126.254005
218.319997 22.970005 126.400005
217.519997 23.270005 126.460005
218.319997 22.980005 126.450005
217.569997 23.620005 126.090005
217.519997 23.200005 126.300005
217.519997 23.170005 126.980005
217.569997 23.200005 126.230005
218.319997 23.090005 126.440005
217.569997 23.190005 127.350005
217.569997 23.190005 127.310005
217.569997 23.630005 127.020005
217.519996 23.580005 127.440005
217.569997 23.020005 127.000005
217.519997 23.250005 127.030005
217.569997 23.010005 126.400005
217.569997 23.260005 127.410005
217.569997 23.420005 125.950005
217.519997 23.190005 126.292005
217.569997 23.420005 126.510005
217.569997 23.480005 126.980005
217.569997 23.780005 126.270005
218.319997 22.980005 127.060005
217.569997 23.490005 126.020005
217.519997 22.930005 126.340005
217.569997 23.240005 127.110005
218.319997 23.150005 127.010005
217.519997 23.184005 126.407005
218.319997 22.970005 127.150005
217.569996 23.770005 127.250005
218.319997 22.990005 127.130005
217.569997 22.949005 127.217005
218.319997 22.970005 127.110005
217.569997 22.927005 127.252005
217.619997 23.290005 127.010005
217.569996 23.740005 127.110005
218.319997 23.030005 127.090005
217.519997 23.078005 126.228005
217.619997 23.590005 126.060005
217.519996 23.690005 127.270005
217.569997 23.660005 126.130005
217.519997 23.760005 126.330005
218.319997 23.240005 126.910005
217.569997 23.670005 127.040005
217.519997 23.139005 126.321005
218.319997 23.290005 126.900005
217.569996 23.324005 127.551005
217.569996 23.450005 127.540005
217.519996 23.750005 127.200005
217.569997 22.970005 127.230005
217.569996 23.650005 127.390005
217.619997 23.510005 126.990005
217.569997 22.910005 127.280005
217.519997 23.150005 126.540005
218.319997 23.300005 126.620005
217.569997 23.090005 127.050005
217.619997 23.570005 126.480005
217.519997 23.250005 126.070005
217.519997 23.163005 127.147005
217.569997 23.320005 125.950005
217.569997 23.600005 127.040005
217.569997 22.940005 126.270005
217.569996 23.780005 127.200005
217.569997 22.940005 127.260005
218.269997 22.880005 126.320005
217.569997 23.280005 126.100005
217.569997 23.370005 126.490005
217.619997 23.220005 127.250005
217.619997 23.220005 126.270005
218.269997 23.080005 126.370005
218.269997 22.910005 126.470005
217.569997 23.240005 126.370005
217.569997 23.750005 126.230005
217.619997 23.220005 126.140005
217.569997 23.670005 126.170005
217.619996 23.610005 127.440005
217.569997 23.430005 126.990005
217.619997 23.330005 125.990005
218.269997 22.940005 126.540005
218.269997 22.910005 126.740005
217.619997 23.590005 127.040005
217.519997 23.070005 126.220005
217.619997 23.220005 127.330005
217.569996 23.690005 127.310005
217.569997 23.080005 126.450005
218.269997 22.950005 126.950005
217.569997 23.530005 127.010005
217.569997 23.710005 126.210005
217.569997 22.989005 126.362005
217.569997 23.340005 125.940005
218.269997 22.890005 127.170005
218.269997 23.070005 127.140005
217.569997 23.340005 127.020005
217.619996 23.800005 127.230005
217.569996 23.480005 127.500005
217.569997 23.190005 126.180005
218.269997 23.320005 126.880005
217.619997 23.350005 126.520005
217.569996 23.570005 127.450005
218.269997 23.310005 126.830005
218.269997 23.310005 126.690005
217.619997 23.300005 125.950005
217.619997 23.810005 126.250005
218.269997 23.320005 126.640005
217.569997 23.110005 127.080005
217.619997 23.400005 126.540005
218.269997 22.990005 126.920005
217.569997 23.060005 127.020005
217.619996 23.740005 127.100005
218.269997 22.980005 126.580005
217.619996 23.520005 127.480005
217.619997 23.720005 126.440005
217.619997 23.700005 126.160005
217.569997 22.940005 126.250005
217.619997 23.470005 126.960005
217.619996 23.400005 127.540005
217.569997 23.058005 127.136005
217.569997 23.700005 126.440005
217.619997 23.225005 127.354005
217.619997 23.620005 127.020005
217.569997 23.200005 126.140005
217.619997 23.270005 126.000005
217.619997 23.210005 126.230005
217.569996 23.330005 127.570005
217.619997 23.460005 125.990005
217.619997 23.440005 126.550005
217.619996 23.780005 127.190005
218.269997 22.930005 126.650005
217.669997 23.220005 127.380005
217.619996 23.310005 127.540005
217.619997 23.240005 126.320005
218.269997 22.910005 126.690005
217.669996 23.330005 127.510005
217.569996 23.740005 127.280005
217.619997 23.750005 126.400005
218.269997 22.910005 126.790005
217.619997 23.200005 126.180005
217.669997 23.190005 127.240005
217.669997 23.250005 127.320005
217.619996 23.440005 127.530005
217.619996 23.480005 127.500005
217.619997 23.300005 126.510005
217.619997 23.420005 126.960005
217.669996 23.380005 127.520005
218.269997 22.910005 127.020005
217.669997 23.620005 126.480005
217.569997 23.020005 127.100005
217.619997 23.490005 126.530005
217.669997 23.710005 126.100005
217.669997 23.329005 126.951005
218.269997 23.150005 127.100005
218.269997 23.170005 127.050005
217.669997 23.670005 127.040005
217.619997 23.780005 126.220005
217.619997 23.280005 126.460005
218.269997 22.920005 126.840005
217.669997 23.230005 126.320005
217.669997 23.460005 126.940005
217.519997 23.145005 126.530005
218.269997 22.950005 126.880005
217.619997 23.240005 127.430005
217.619996 23.570005 127.460005
217.669997 23.820005 126.220005
218.269997 22.960005 126.610005
217.619997 23.510005 126.010005
217.619997 23.380005 126.970005
217.619997 23.330005 126.990005
217.669997 23.790005 126.260005
218.269997 23.190005 127.000005
217.619997 23.710005 127.060005
217.669997 23.590005 127.030005
217.669996 23.600005 127.460005
217.569997 23.720005 127.070005
217.669997 23.720005 126.430005
218.269997 23.220005 126.960005
218.269997 23.300005 126.920005
217.619997 23.420005 125.960005
217.569997 23.540005 126.040005
217.669996 23.720005 127.410005
217.669997 23.620005 127.020005
217.669996 23.750005 127.090005
217.669997 23.290005 127.510005
217.669997 23.270005 126.360005
217.669997 23.420005 126.580005
218.269997 23.320005 126.780005
217.669997 23.250005 126.180005
217.619996 23.800005 127.280005
217.669997 23.750005 126.400005
217.619996 23.750005 127.300005
217.669997 23.200005 127.410005
217.669997 23.590005 126.480005
217.619997 23.238005 127.351005
217.719997 23.220005 125.960005
217.619997 23.630005 126.480005
217.619996 23.720005 127.330005
218.269997 23.230005 126.540005
218.269997 23.200005 126.520005
217.719997 23.260005 127.500005
217.619997 23.200005 127.300005
217.619996 23.283005 127.550005
217.619997 23.670005 126.120005
217.669997 23.740005 126.110005
217.669997 23.260005 127.550005
217.619997 23.630005 126.090005
217.669997 23.190005 126.300005
217.669997 23.543005 126.021005
218.269997 23.280005 126.560005
217.669996 23.680005 127.390005
217.719997 23.549005 126.021005
218.269997 23.310005 126.600005
217.719996 23.513005 127.483005
217.619996 23.350005 127.520005
217.619997 23.230005 127.380005
217.719997 23.190005 127.150005
217.669996 23.750005 127.390005
217.619997 23.380005 125.970005
217.569997 22.920005 126.230005
217.669997 23.190005 127.200005
217.619997 23.280005 125.950005
217.669997 23.281005 126.129005
217.719996 23.510005 127.470005
217.669996 23.780005 127.190005
217.719997 23.720005 126.050005
217.719997 23.470005 126.050005
217.669997 23.670005 126.100005
218.269997 23.160005 126.420005
217.669997 23.310005 126.000005
217.669997 23.630005 126.070005
217.669997 23.250005 125.940005
217.669997 23.244005 125.958005
217.669996 23.528005 127.492005
217.719997 23.680005 126.070005
217.619997 23.670005 127.040005
217.619997 23.670005 126.460005
217.669997 23.270005 127.360005
217.669997 23.419005 126.921005
217.669997 23.265005 127.382005
217.669996 23.520005 127.475005
217.719997 23.510005 126.040005
217.719997 23.550005 127.000005
218.269997 23.320005 126.740005
217.719997 23.550005 126.030005
217.719997 23.510005 126.015005
217.669997 23.510005 126.530005
217.669997 23.500005 126.000005
217.669997 23.330005 126.550005
217.719997 23.350005 126.560005
217.719997 23.180005 126.370005
217.669997 23.280005 125.970005
217.669997 23.270005 127.140005
217.669997 23.520005 126.030005
217.719997 23.450005 126.570005
217.669997 23.470005 126.560005
217.719997 23.360005 126.930005
217.719997 23.290005 126.020005
218.269997 23.130005 126.390005
217.719997 23.620005 126.480005
217.719996 23.800005 127.270005
217.669997 23.370005 126.570005
217.669997 23.410005 125.980005
217.669997 23.260005 126.140005
218.269997 22.940005 126.230005
217.669997 23.540005 126.027005
217.669996 23.510005 127.500005
218.269997 22.920005 126.200005
218.269997 22.880005 126.220005
217.719997 23.850005 126.110005
217.669997 23.539005 126.025005
217.719997 23.230005 126.480005
218.269997 22.880005 126.270005
217.669997 23.240005 127.180005
217.669997 23.220005 126.120005
217.719997 23.277005 126.057005
218.269997 22.900005 126.510005
217.719997 23.750005 126.280005
217.719997 23.490005 126.010005
217.669997 23.820005 126.180005
217.669996 23.489005 127.470005
217.619996 23.290005 127.570005
217.719997 23.390005 126.890005
217.669996 23.470005 127.520005
217.719996 23.700005 127.160005
217.669996 23.420005 127.540005
217.719997 23.230005 127.540005
217.669997 23.200005 126.090005
217.669997 23.590005 126.040005
217.619997 23.600005 126.470005
217.719997 23.530005 126.020005
218.269997 22.910005 126.980005
217.719997 23.840005 126.160005
217.719997 23.200005 126.030005
217.719997 23.204005 125.954005
217.719997 23.710005 126.310005
217.669996 23.640005 127.420005
217.669996 23.790005 127.240005
217.719997 23.640005 126.050005
217.719997 23.290005 126.200005
218.269997 22.880005 127.220005
217.719997 23.320005 126.520005
217.719997 23.350005 126.110005
218.269997 22.880005 127.270005
217.719996 23.480005 127.490005
217.719996 23.530005 127.480005
217.719997 23.340005 126.000005
217.669997 23.509005 126.019005
217.669997 23.293005 126.112005
218.269997 22.900005 127.300005
218.269997 22.930005 127.290005
217.669996 23.455005 127.495005
217.719996 23.710005 127.440005
218.269997 22.970005 127.250005
217.669997 23.487005 126.034005
217.719997 23.190005 127.480005
217.719997 23.630005 127.030005
217.669997 23.258005 127.365005
217.719996 23.670005 127.440005
217.719997 23.790005 126.250005
217.669997 23.460005 126.022005
217.669997 23.710005 127.070005
217.719996 23.413005 127.551005
217.719997 23.430005 126.910005
218.269997 23.270005 126.960005
217.719997 23.440005 126.000005
217.719997 23.470005 126.940005
217.619996 23.680005 127.370005
217.719997 23.540005 126.520005
217.719997 23.670005 127.070005
218.219997 22.980005 126.600005
217.719997 23.190005 125.990005
217.719997 23.350005 127.400005
218.219997 22.970005 126.570005
217.719996 23.470005 127.460005
217.719997 23.750005 126.020005
218.219997 22.900005 126.230005
218.219997 23.290005 126.550005
217.719997 23.300005 127.310005
217.719997 23.340005 126.080005
217.719996 23.519005 127.544005
217.719997 23.790005 126.040005
218.219997 22.870005 126.310005
217.719997 23.482005 126.008005
217.669997 23.190005 126.260005
218.219997 22.930005 126.530005
217.669997 23.450005 125.970005
217.719997 23.246005 127.460005
218.219997 22.880005 126.450005
217.769997 23.420005 126.620005
217.719996 23.600005 127.500005
218.219997 22.930005 126.740005
218.219997 22.930005 126.790005
217.669996 23.820005 127.320005
217.719997 23.690005 127.110005
218.219997 22.950005 126.950005
217.669997 23.370005 126.930005
217.769996 23.610005 127.480005
218.219997 22.910005 126.980005
217.669996 23.495005 127.480005
217.719997 23.190005 125.991005
217.719997 23.410005 126.600005
217.719997 23.150005 126.420005
217.719997 23.250005 126.000005
218.219997 22.880005 127.070005
217.669997 23.240005 127.550005
217.719997 23.370005 126.610005
217.719996 23.395005 127.455005
217.769997 23.370005 126.010005
217.719996 23.577005 127.513005
218.219997 22.870005 127.220005
217.719997 23.195005 125.990005
217.719996 23.620005 127.460005
218.219997 22.870005 127.270005
217.719997 23.150005 126.400005
217.719997 23.191005 125.988005
217.719996 23.419005 127.540005
217.719997 23.580005 126.030005
217.719996 23.430005 127.500005
217.719997 23.443005 125.991005
217.719997 23.580005 126.020005
217.719996 23.430005 127.560005
217.719996 23.720005 127.210005
217.719997 23.524005 125.963005
218.219997 23.210005 127.060005
217.769997 23.560005 126.990005
217.719997 23.190005 126.450005
218.219997 23.300005 126.950005
218.219997 23.330005 126.910005
217.719997 23.424005 126.000005
217.719996 23.585005 127.485005
218.219997 23.339005 126.821005
217.669996 23.820005 127.280005
217.719997 23.170005 127.070005
217.719997 23.554005 125.982005
217.719997 23.612005 126.039005
218.219997 23.350005 126.770005
217.719997 23.590005 126.030005
217.769997 23.630005 126.030005
217.769996 23.485005 127.525005
218.219997 23.220005 126.490005
217.769997 23.283005 126.037005
217.769997 23.280005 125.960005
217.669997 23.515005 126.007005
217.719997 23.660005 126.450005
218.219997 23.340005 126.630005
218.219997 23.170005 126.350005
217.669997 23.550005 126.500005
217.719996 23.830005 127.310005
217.769997 23.555005 126.015005
218.219997 23.200005 126.440005
217.719996 23.850005 127.360005
217.719996 23.392005 127.507005
217.719997 23.411005 126.047005
218.219997 23.150005 126.330005
217.769996 23.860005 127.420005
217.719997 23.200005 127.040005
217.769997 23.580005 126.020005
218.219997 23.080005 126.210005
217.769997 23.420005 125.980005
217.719997 23.300005 127.490005
217.769997 23.430005 126.060005
218.219997 23.040005 126.200005
217.769997 23.680005 126.030005
217.719997 23.330005 127.430005
218.219997 22.990005 126.210005
217.719997 23.340005 126.970005
217.769997 23.500005 126.000005
218.219997 22.940005 126.220005
217.719997 23.444005 125.990005
217.769997 23.420005 126.020005
217.719996 23.340005 127.510005
217.719997 23.580005 126.490005
217.719997 23.590005 127.010005
217.769997 23.270005 126.040005
217.769997 23.436005 126.016005
218.219997 23.260005 126.510005
217.719997 23.820005 126.210005
217.719996 23.554005 127.525005
217.719996 23.470005 127.570005
217.719996 23.385005 127.514005
217.719996 23.456005 127.529005
217.719997 23.830005 126.080005
217.719996 23.545005 127.500005
217.769996 23.423005 127.512005
218.219997 22.900005 126.500005
217.769997 23.470005 125.990005
217.769997 23.830005 125.970005
217.719996 23.395005 127.452005
217.769997 23.270005 127.470005
217.719996 23.500005 127.509005
217.719996 23.850005 127.400005
217.769996 23.400005 127.530005
217.719997 23.430005 126.020005
217.769997 23.780005 126.230005
217.719997 23.500005 126.550005
217.769996 23.530005 127.510005
217.769997 23.170005 126.360005
217.719997 23.210005 125.940005
217.719997 23.190005 127.520005
218.219997 22.940005 126.640005
217.719996 23.760005 127.240005
217.769997 23.370005 126.020005
217.719996 23.780005 127.470005
218.219997 22.930005 126.680005
217.719997 23.390005 125.970005
217.769997 23.310005 127.500005
217.769997 23.290005 127.240005
217.719996 23.430005 127.490005
217.719997 23.389005 125.996005
217.719996 23.468005 127.522005
217.719997 23.680005 126.410005
217.769997 23.405005 126.020005
217.769997 23.580005 127.030005
218.219997 23.350005 126.730005
217.769996 23.524005 127.512005
217.769997 23.130005 126.460005
218.219997 23.340005 126.680005
217.769997 23.363005 127.323005
217.769996 23.850005 127.380005
217.769997 23.840005 126.150005
217.769997 23.355005 126.023005
218.219997 22.990005 126.920005
218.219997 22.960005 126.880005
217.769996 23.430005 127.440005
217.719996 23.570005 127.500005
217.769996 23.370005 127.480005
217.769997 23.290005 125.960005
217.769997 23.290005 126.590005
217.719997 23.534005 126.034005
218.219997 22.930005 126.840005
217.769996 23.800005 127.290005
217.719996 23.440005 127.524005
217.769997 23.330005 126.670005
217.769997 23.280005 126.020005
217.719996 23.740005 127.480005
218.219997 22.870005 126.250005
217.719997 23.377005 125.978005
217.769997 23.100005 126.430005
217.769997 23.360005 126.190005
217.769996 23.420005 127.490005
217.769997 23.460005 126.010005
217.769996 23.440005 127.540005
217.769996 23.425005 127.520005
217.719997 23.210005 127.560005
218.219997 22.970005 127.290005
217.719997 23.441005 126.028005
217.769996 23.850005 127.510005
217.769997 23.390005 126.023005
217.719997 23.485005 125.995005
217.719997 23.590005 126.004005
217.769996 23.527005 127.498005
217.719997 23.130005 127.110005
217.769997 23.590005 126.450005
218.219997 23.140005 127.180005
217.719997 23.429005 126.043005
217.769996 23.400005 127.490005
217.769996 23.562005 127.569005
217.719997 23.520005 126.000005
217.719996 23.412005 127.502005
217.769996 23.520005 127.475005
217.769996 23.580005 127.510005
217.719997 23.545005 126.000005
217.769996 23.344005 127.514005
218.219997 22.890005 127.020005
217.769996 23.510005 127.490005
217.769997 23.340005 125.970005
217.719996 23.503005 127.512005
217.769996 23.560005 127.510005
218.219997 23.100005 127.280005
217.769997 23.500005 126.560005
217.769997 23.870005 126.010005
217.769997 23.630005 127.120005
218.219997 23.120005 127.240005
217.769996 23.327005 127.538005
218.219997 23.010005 127.300005
217.769996 23.780005 127.550005
217.769996 23.464005 127.502005
217.769996 23.463005 127.484005
218.219997 23.340005 126.870005
217.719997 23.382005 126.072005
217.769997 23.349005 125.971005
217.769996 23.730005 127.220005
218.219997 23.230005 127.010005
218.219997 23.270005 126.990005
217.769996 23.465005 127.505005
217.769996 23.465005 127.499005
217.769997 23.610005 126.410005
217.769996 23.869005 127.471005
217.769997 23.520005 126.030005
217.719996 23.462005 127.531005
217.719996 23.525005 127.505005
217.719997 23.505005 125.995005
217.769997 23.466005 126.020005
217.719997 23.470005 125.930005
217.669997 23.540005 126.020005
217.769997 23.487005 126.034005
217.719996 23.524005 127.506005
217.769997 23.530005 125.990005
217.769997 23.560005 125.990005
217.769997 23.330005 126.230005
218.219997 23.120005 126.290005
218.219997 23.110005 126.250005
217.769997 23.530005 126.010005
217.769997 23.460005 125.900005
217.769997 23.290005 126.270005
217.769997 23.509005 126.019005
217.769997 23.460005 126.022005
217.769997 23.389005 126.019005
217.769996 23.710005 127.480005
217.769996 23.350005 127.540005
217.769997 23.750005 126.270005
217.769997 23.380005 125.975005
217.769996 23.289005 127.548005
217.719997 23.397005 125.996005
217.769997 23.080005 127.120005
217.769996 23.470005 127.500005
217.769996 23.459005 127.498005
217.769996 23.304005 127.544005
217.769996 23.320005 127.545005
217.769997 23.670005 126.330005
217.769997 23.330005 126.620005
217.769996 23.660005 127.470005
217.769997 23.500005 125.990005
217.769997 23.330005 126.880005
217.769997 23.540005 126.530005
217.769997 23.320005 125.990005
217.769997 23.390005 126.020005
217.769997 23.554005 125.932005
217.719996 23.408005 127.507005
217.769996 23.820005 127.330005
217.719997 23.430005 125.940005
217.769997 23.510005 125.990005
217.769997 23.350005 126.000005
218.219997 23.060005 127.310005
217.719997 23.397005 126.004005
217.769996 23.390005 127.560005
217.769996 23.770005 127.250005
217.769996 23.290005 127.550005
217.719997 23.392005 126.061005
218.219997 23.180005 127.150005
217.769997 23.320005 127.480005
217.719997 23.160005 127.110005
217.769997 23.540005 126.027005
217.769997 23.311005 125.957005
217.719997 23.412005 126.000005
217.769996 23.319005 127.540005
217.819997 23.810005 126.170005
217.769997 23.394005 126.212005
217.769996 23.399005 127.519005
217.719997 23.398005 125.995005
217.769997 23.400005 126.870005
217.769997 23.140005 127.040005
217.769997 23.500005 125.900005
217.769997 23.870005 126.050005
218.219997 23.330005 126.590005
217.719997 23.700005 126.360005
217.769996 23.329005 127.544005
217.769997 23.535005 125.965005
217.769997 23.388005 126.022005
217.769996 23.450005 127.510005
217.769996 23.810005 127.550005
218.219996 23.950005 127.870005
218.219996 23.877005 127.926005
218.219996 23.830005 127.770005
218.219996 23.930005 127.910005
217.769996 23.540005 127.540005
217.819997 23.420005 126.840005
218.219997 23.940005 125.750005
218.219997 23.840005 125.773005
218.219997 23.830005 125.730005
218.219997 23.900005 125.530005
218.219997 23.874005 125.556005
218.219997 23.880005 125.530005
218.219996 23.930005 127.750005
217.769997 23.350005 125.960005
218.219996 23.830005 127.730005
218.219996 23.960005 127.820005
217.769997 23.340005 125.960005
217.769996 23.380005 127.550005
217.769997 23.380005 125.960005
217.819997 23.390005 125.980005
217.819997 23.410005 126.190005
218.219996 23.970005 127.770005
217.769997 23.650005 127.160005
217.769996 23.489005 127.470005
218.219996 23.910005 127.960005
217.769997 23.570005 126.500005
217.819997 23.515005 126.025005
217.819997 23.720005 125.940005
218.219996 23.810005 127.730005
217.769997 23.790005 125.940005
217.769996 23.380005 127.500005
217.819997 23.880005 126.040005
218.219997 23.810005 125.780005
218.219997 23.960005 125.670005
217.769996 23.440005 127.470005
217.819996 23.517005 127.486005
218.219997 23.970005 125.720005
217.819997 23.430005 126.150005
217.819997 23.380005 126.680005
217.769996 23.304005 127.548005
217.769996 23.500005 127.500005
218.219997 23.950005 125.620005
218.219997 23.930005 125.570005
217.769997 23.380005 127.350005
217.819997 23.490005 125.970005
217.819997 23.440005 127.360005
217.769996 23.480005 127.500005
217.769997 23.860005 126.100005
217.769996 23.560005 127.490005
217.769997 23.380005 126.650005
217.819997 23.600005 126.350005
218.219996 23.890005 127.970005
217.819996 23.490005 127.440005
217.769996 23.630005 127.520005
218.169996 23.830005 127.860005
217.769997 23.310005 125.960005
217.819997 23.280005 126.645005
218.169997 23.860005 125.520005
217.819997 23.480005 125.950005
217.769997 23.325005 125.960005
217.769997 23.515005 126.005005
217.769997 23.325005 125.965005
217.769997 23.080005 126.380005
218.169996 23.970005 127.800005
217.769997 23.170005 127.140005
217.769997 23.423005 126.027005
218.169996 23.790005 127.710005
217.819997 23.647005 125.996005
217.819997 23.540005 126.480005
217.819997 23.330005 127.290005
217.819997 23.550005 126.430005
218.169997 23.800005 125.760005
217.769997 23.130005 127.130005
217.769997 23.090005 127.150005
218.169997 23.970005 125.680005
218.169997 23.840005 125.620005
217.819997 23.490005 126.070005
217.819996 23.720005 127.560005
217.769997 23.474005 126.006005
217.819997 23.585005 125.995005
218.169997 23.950005 125.530005
217.769996 23.446005 127.506005
217.769996 23.459005 127.507005
218.169997 23.040005 126.220005
217.819997 23.090005 127.170005
217.769997 23.130005 126.380005
218.169997 23.000005 126.230005
218.169997 22.900005 126.250005
217.819997 23.420005 126.220005
217.769997 23.506005 126.020005
218.169997 22.950005 126.240005
217.719996 23.610005 127.480005
217.769997 23.440005 126.030005
218.169997 22.950005 126.550005
217.769997 23.405005 126.025005
217.819997 23.530005 125.950005
218.169997 22.990005 126.580005
217.769996 23.330005 127.520005
217.769996 23.448005 127.511005
217.769997 23.360005 126.850005
217.769997 23.330005 126.840005
218.169997 22.950005 126.660005
218.169997 22.920005 126.510005
217.719997 23.515005 126.005005
217.769996 23.520005 127.500005
217.769996 23.600005 127.540005
217.769996 23.471005 127.503005
217.819997 23.070005 126.480005
217.769996 23.458005 127.503005
217.769996 23.420005 127.480005
217.819997 23.250005 126.640005
218.169997 22.950005 126.760005
217.769996 23.470005 127.610005
217.819997 23.230005 126.760005
218.169997 22.950005 126.810005
217.769997 23.584005 125.949005
217.819997 23.433005 125.976005
217.819997 23.030005 126.390005
217.819996 23.545005 127.531005
218.169997 22.960005 127.260005
218.169996 23.870005 128.010005
217.819996 23.570005 127.500005
217.819997 23.570005 125.960005
218.169997 22.940005 126.970005
217.819997 23.560005 127.110005
217.819996 23.530005 127.540005
217.769996 23.495005 127.480005
217.769997 23.290005 125.950005
217.819997 23.673005 125.946005
218.169997 23.060005 127.290005
217.769997 23.319005 125.963005
217.819997 23.677005 125.973005
217.819997 23.750005 126.250005
217.819996 23.638005 127.491005
217.819996 23.471005 127.556005
217.819997 23.250005 126.860005
217.869997 23.740005 126.240005
218.169997 23.320005 126.950005
217.819997 23.640005 126.350005
217.769997 23.320005 125.960005
217.819997 23.180005 126.350005
218.169997 22.980005 126.940005
217.769997 23.630005 126.360005
217.819996 23.860005 127.410005
218.169997 23.319005 126.561005
217.819996 23.750005 127.250005
217.819997 23.370005 126.200005
217.819997 23.230005 126.900005
217.819997 23.130005 127.140005
217.819997 23.370005 127.310005
217.819996 23.440005 127.550005
217.769996 23.445005 127.495005
218.169997 23.930005 125.820005
218.169997 23.950005 125.770005
217.819997 23.265005 126.742005
217.769997 23.330005 127.270005
218.169996 23.940005 127.700005
218.169996 23.960005 127.750005
217.819997 23.416005 127.285005
217.819997 23.180005 127.160005
217.869997 23.630005 125.890005
218.169996 23.820005 127.810005
218.169996 23.980005 127.850005
217.769996 23.351005 127.531005
217.769997 23.720005 126.010005
217.819997 23.330005 126.220005
217.869997 23.170005 126.610005
217.819997 23.250005 126.750005
217.819997 23.430005 125.950005
217.819996 23.545005 127.500005
217.819997 23.040005 126.340005
217.819997 23.460005 126.110005
217.819997 23.230005 126.600005
218.169996 23.910005 127.670005
217.819997 23.550005 126.970005
217.869996 23.880005 127.480005
217.869997 23.610005 127.210005
217.819997 23.540005 127.010005
217.769997 23.610005 125.990005
217.819997 23.130005 126.360005
217.819996 23.420005 127.530005
217.819997 23.720005 126.290005
217.869997 23.430005 126.700005
217.869997 23.265005 126.760005
217.819997 23.030005 127.120005
217.869997 23.380005 126.720005
217.819996 23.600005 127.548005
217.819997 23.540005 125.980005
217.819997 23.630005 127.150005
217.869996 23.520005 127.420005
217.819997 23.870005 125.900005
217.869996 23.570005 127.500005
217.869996 23.790005 127.650005
217.819997 23.655005 125.995005
218.169996 23.810005 127.650005
217.819996 23.670005 127.560005
217.869997 23.470005 127.300005
217.769996 23.400005 127.495005
218.169997 23.970005 125.630005
217.819997 23.860005 126.080005
217.869997 23.800005 126.160005
217.819996 23.677005 127.514005
217.869997 23.810005 125.840005
217.869997 23.470005 126.120005
217.819997 23.570005 126.390005
217.869996 23.800005 127.350005
217.769997 23.099005 127.071005
217.819996 23.840005 127.630005
218.169997 23.830005 125.670005
217.819997 23.040005 127.160005
218.169997 23.190005 126.310005
217.769997 23.090005 126.350005
217.819997 23.800005 125.890005
217.819997 23.230005 126.740005
217.769996 23.520005 127.600005
217.769996 23.375005 127.525005
218.169997 23.230005 126.340005
217.719997 23.145005 127.095005
217.869997 23.340005 126.210005
217.869997 23.440005 126.810005
218.169997 23.250005 126.430005
217.869996 23.910005 127.670005
217.869996 23.870005 127.710005
217.819996 23.880005 127.600005
217.869997 23.710005 126.280005
217.819996 23.607005 127.507005
217.819997 23.550005 125.960005
217.869997 23.460005 126.170005
217.819996 23.585005 127.485005
217.819997 23.410005 127.320005
217.819996 23.442005 127.532005
217.869997 23.000005 126.380005
217.869997 23.670005 126.310005
218.169997 22.860005 126.270005
217.819997 23.410005 127.290005
217.869997 23.010005 126.340005
217.869996 23.680005 127.190005
217.869997 23.510005 127.090005
217.819996 23.770005 127.580005
217.819996 23.900005 127.560005
218.169997 23.130005 126.230005
217.769997 23.250005 126.560005
217.869996 23.860005 127.430005
217.869997 23.330005 126.750005
218.169997 23.090005 126.210005
217.869997 23.502005 126.428005
217.869997 23.770005 125.850005
217.819997 23.050005 127.070005
217.819997 23.050005 126.430005
217.819997 23.090005 126.330005
217.819997 23.080005 127.030005
217.869997 23.330005 126.725005
217.819997 23.830005 125.870005
217.819997 23.550005 126.570005
218.169997 22.960005 126.620005
217.819997 23.555005 126.015005
217.869996 23.910005 127.630005
217.869997 23.020005 126.470005
217.769997 23.620005 125.970005
217.819997 23.540005 126.930005
217.819997 23.900005 125.940005
218.169997 23.380005 126.770005
217.819997 23.760005 125.930005
217.869997 23.540005 127.130005
217.819996 23.460005 127.400005
217.869997 23.520005 126.860005
218.169997 22.950005 126.860005
217.869997 23.510005 126.470005
217.869997 23.010005 127.170005
217.819997 23.607005 126.017005
218.169997 22.980005 126.900005
217.869997 23.460005 127.350005
217.869997 23.320005 127.290005
218.169997 22.860005 127.100005
217.919997 23.490005 127.000005
217.819996 23.490005 127.560005
217.719996 23.479005 127.513005
218.169997 22.860005 127.200005
217.869997 23.481005 126.265005
218.169997 22.860005 127.250005
217.819997 23.890005 125.990005
217.819996 23.550005 127.540005
217.869997 23.100005 126.320005
217.869997 23.160005 126.660005
217.919997 23.820005 125.760005
218.169996 23.930005 128.050005
217.819996 23.475005 127.535005
217.869997 23.000005 127.080005
218.169997 23.010005 127.280005
217.819997 23.280005 126.770005
217.869997 23.560005 126.030005
217.869997 23.513005 126.313005
217.869997 23.160005 126.860005
217.819996 23.800005 127.610005
217.869997 23.150005 127.170005
217.819996 23.531005 127.508005
217.919997 23.570005 126.290005
217.869997 23.540005 126.900005
217.869997 23.350005 126.760005
217.919996 23.710005 127.260005
217.869997 23.570005 127.170005
217.869997 23.510005 127.160005
217.869997 23.880005 126.040005
217.869997 23.480005 126.830005
218.169997 23.100005 127.290005
217.869997 23.130005 126.580005
217.869996 23.690005 127.640005
217.819996 23.880005 127.460005
218.169997 23.140005 127.270005
217.769997 23.516005 125.971005
217.919997 23.080005 126.820005
217.919997 23.070005 126.910005
218.169997 22.880005 127.050005
217.869997 23.060005 127.180005
217.869997 23.451005 127.070005
217.919997 22.949005 126.361005
217.869997 23.890005 125.990005
217.769997 23.392005 127.305005
217.869997 22.999005 126.431005
217.869997 23.530005 126.070005
218.169997 23.170005 127.230005
217.869997 23.509005 126.329005
217.919997 23.480005 126.380005
217.919997 22.980005 126.510005
217.819997 23.638005 127.176005
217.919997 23.670005 126.230005
218.169997 23.200005 127.190005
218.169997 23.230005 127.150005
217.869997 23.540005 126.610005
217.919996 23.510005 127.320005
217.819996 23.710005 127.210005
217.869997 23.010005 127.040005
217.869997 23.470005 126.680005
218.169997 23.250005 127.060005
217.869997 23.510005 126.650005
217.869997 23.040005 127.000005
218.169997 23.360005 126.910005
217.819997 23.590005 127.150005
217.919997 23.520005 126.290005
217.919997 23.535005 127.175005
218.169997 23.360005 126.870005
217.869997 23.600005 126.310005
217.919997 23.890005 126.000005
217.919997 23.300005 127.290005
217.869997 23.430005 126.260005
217.869997 23.630005 126.270005
218.169997 23.780005 125.810005
217.869997 23.150005 126.340005
217.869997 23.060005 126.320005
217.919997 23.470005 127.200005
218.169997 23.890005 125.840005
217.869997 23.500005 127.050005
217.919997 23.520005 126.240005
217.919996 23.590005 127.450005
217.869997 23.470005 126.265005
217.819997 23.455005 126.245005
218.169997 23.370005 126.680005
217.869997 23.470005 126.220005
217.869997 23.200005 127.190005
217.919997 23.500005 127.140005
217.919997 22.960005 127.060005
217.869997 23.360005 127.280005
217.869996 23.720005 127.230005
217.919996 23.740005 127.720005
218.169997 23.350005 126.590005
217.919997 22.970005 127.020005
217.919997 23.520005 127.220005
217.919997 23.520005 127.180005
217.919997 23.140005 126.730005
217.869997 23.530005 126.380005
217.869997 23.390005 126.790005
217.819997 23.648005 127.163005
218.169997 23.370005 126.820005
217.869997 23.490005 126.430005
217.919997 23.510005 126.350005
217.919997 23.100005 126.690005
217.919997 23.430005 127.220005
218.169997 23.260005 126.470005
217.919997 23.510005 126.090005
217.919997 23.640005 126.220005
217.869997 23.000005 127.130005
217.869997 23.190005 126.320005
217.919997 23.520005 126.820005
217.869996 23.830005 127.680005
217.919997 23.590005 126.060005
217.869997 23.560005 126.340005
217.869996 23.650005 127.630005
217.919997 23.280005 126.230005
217.919997 23.720005 126.250005
217.919997 23.110005 126.320005
217.819997 23.550005 126.530005
217.819997 23.540005 127.060005
217.819997 23.635005 126.305005
217.869997 23.050005 126.520005
217.919997 22.970005 126.330005
217.919997 23.490005 126.320005
217.869997 23.310005 126.220005
218.169997 22.870005 126.430005
217.869996 23.640005 127.220005
217.969997 23.390005 126.960005
218.169997 22.860005 126.380005
217.869997 23.520005 127.200005
217.919997 23.360005 126.250005
217.919997 23.530005 127.170005
217.919997 23.440005 126.420005
217.819997 23.110005 127.000005
217.919997 23.410005 126.750005
218.169997 23.250005 127.040005
217.919996 23.740005 127.290005
217.919996 23.510005 127.370005
217.919996 23.780005 127.740005
217.919996 23.670005 127.280005
217.969997 23.479005 126.841005
217.869997 23.450005 127.240005
217.869997 23.500005 126.420005
217.919997 23.320005 126.230005
218.169996 23.890005 128.060005
217.919996 23.630005 127.280005
217.869997 23.470005 126.270005
217.819997 23.430005 126.660005
217.869997 23.499005 127.200005
218.169996 23.770005 127.670005
217.919997 23.870005 125.750005
217.869997 23.470005 127.250005
217.919996 23.890005 127.510005
218.169996 23.760005 127.640005
217.969996 23.630005 127.330005
217.969996 23.909005 127.591005
217.919997 23.528005 127.182005
218.169997 23.760005 125.860005
217.869997 23.850005 126.080005
218.169997 23.790005 125.860005
217.869997 23.150005 126.810005
217.869997 23.170005 126.770005
217.969997 23.910005 125.910005
217.919997 23.500005 126.700005
217.869997 23.670005 125.870005
217.919996 23.860005 127.460005
217.919997 23.160005 126.760005
217.919996 23.910005 127.780005
218.169996 23.920005 128.080005
217.969997 23.500005 126.740005
217.969997 23.360005 127.000005
217.919997 23.160005 126.310005
217.869997 23.890005 125.810005
217.919997 23.340005 126.755005
217.919997 23.090005 127.200005
217.869997 23.525005 127.175005
217.969996 23.890005 127.830005
217.919996 23.880005 127.760005
217.919997 23.040005 127.200005
217.969997 23.100005 126.720005
218.169997 23.940005 125.480005
217.919997 22.990005 126.970005
218.169997 23.880005 125.470005
217.919997 23.000005 127.180005
217.919997 23.070005 126.870005
217.969997 23.080005 127.220005
218.169997 23.920005 125.430005
217.919997 23.080005 126.610005
217.969997 23.560005 126.090005
218.169997 23.900005 125.430005
217.969997 22.980005 126.580005
217.919997 22.960005 126.460005
217.869996 23.620005 127.590005
217.919997 23.050005 126.580005
217.919997 23.940005 125.750005
217.969997 23.509005 126.801005
217.919997 23.550005 126.080005
217.969997 23.710005 126.170005
217.869997 23.920005 125.840005
217.919997 23.420005 127.070005
217.869997 23.160005 126.900005
217.919997 23.200005 126.290005
217.969997 23.380005 127.210005
217.919997 23.530005 126.330005
218.169997 23.380005 126.730005
217.919997 23.510005 126.140005
217.969997 23.630005 126.180005
217.969997 23.610005 126.040005
217.969997 23.570005 126.240005
217.969997 23.460005 126.370005
217.919997 23.610005 126.010005
217.919997 23.340005 127.260005
217.919997 23.020005 126.320005
217.919997 23.530005 126.670005
217.919997 23.460005 127.100005
217.869997 23.190005 126.740005
217.969997 23.500005 126.760005
217.919997 23.449005 127.035005
217.919997 23.520005 127.270005
217.919997 23.455005 127.044005
217.969997 23.560005 126.050005
217.969996 23.840005 127.820005
217.919997 23.070005 126.300005
217.969997 23.439005 126.631005
217.919997 23.450005 126.300005
217.919997 23.740005 125.790005
217.869997 23.483005 126.435005
217.919996 23.930005 127.700005
217.919997 23.770005 125.770005
217.919997 23.450005 126.730005
217.969997 23.120005 126.300005
217.869997 23.850005 125.810005
217.919997 23.480005 126.480005
217.969997 23.140005 126.750005
217.919996 23.830005 127.740005
217.919997 23.520005 126.860005
217.919997 23.750005 126.210005
217.919997 22.950005 127.160005
217.869997 23.510005 126.110005
217.969997 23.030005 126.290005
217.969996 23.750005 127.340005
217.969997 23.170005 126.290005
217.919997 23.180005 127.190005
218.119996 23.970005 127.820005
217.919997 23.385005 126.755005
217.919997 23.130005 127.190005
218.119996 23.950005 127.720005
218.119996 23.940005 128.030005
217.969997 23.030005 127.210005
217.969997 23.460005 127.130005
217.869997 23.110005 127.180005
217.869997 23.150005 126.710005
217.969997 23.290005 126.240005
217.969997 23.730005 125.890005
217.969997 23.930005 125.650005
218.119996 23.760005 127.680005
217.969996 23.700005 127.560005
217.919997 23.480005 126.790005
218.119997 23.750005 125.850005
217.919996 23.830005 127.420005
217.919996 23.560005 127.420005
218.119997 23.780005 125.760005
217.969997 23.340005 127.030005
217.969996 23.560005 127.410005
217.969997 23.290005 127.260005
217.969997 22.920005 126.350005
217.869997 23.340005 126.744005
218.019996 23.610005 127.440005
217.969997 23.750005 126.160005
217.969997 23.480005 126.670005
218.119996 23.980005 127.920005
218.119997 23.950005 125.750005
217.969997 23.220005 127.240005
217.919997 23.365005 126.740005
218.119997 23.935005 125.485005
217.969997 22.990005 126.620005
218.019997 23.190005 126.270005
217.969997 23.330005 127.240005
218.019997 23.390005 126.410005
217.919996 23.940005 127.750005
217.969997 22.920005 126.500005
217.969997 22.920005 127.000005
218.019997 23.070005 127.240005
217.969997 23.250005 126.230005
217.919997 23.440005 126.450005
218.119997 23.940005 125.800005
218.119997 23.360005 126.930005
217.919997 23.430005 126.770005
217.919997 23.550005 127.192005
218.119997 23.390005 126.650005
217.969997 22.980005 126.920005
217.969997 22.920005 127.150005
218.019997 23.330005 127.010005
217.969997 22.990005 126.310005
218.119997 23.230005 126.310005
217.969997 23.440005 126.870005
218.019997 23.480005 126.770005
218.119997 23.080005 126.230005
217.969997 23.470005 126.330005
217.969997 23.900005 125.960005
218.119997 22.950005 126.520005
218.119997 22.930005 126.270005
217.969997 22.940005 127.180005
217.969997 23.080005 126.280005
218.119997 22.880005 126.280005
217.969997 23.800005 125.760005
218.019997 23.120005 127.230005
217.969997 23.510005 126.700005
218.019997 23.460005 126.670005
218.119997 23.030005 126.240005
217.919997 23.460005 127.040005
217.969997 23.780005 126.120005
218.119997 22.920005 126.480005
218.119997 22.970005 126.820005
217.969997 23.670005 126.140005
217.919997 23.910005 125.710005
218.019997 22.930005 127.200005
217.919997 23.126005 126.627005
218.119997 22.890005 127.230005
218.119997 22.990005 127.250005
217.969996 23.610005 127.460005
217.969997 23.340005 126.470005
218.119997 23.080005 127.270005
218.019997 23.900005 125.930005
217.969996 23.570005 127.310005
218.119997 22.990005 126.920005
217.969997 22.990005 126.880005
217.969997 23.250005 127.270005
218.119997 22.970005 126.950005
217.969997 23.130005 127.210005
218.019997 23.810005 126.060005
217.969997 23.890005 125.670005
217.969997 23.470005 127.170005
217.919997 23.671005 126.181005
218.119996 23.770005 127.730005
217.919997 23.510005 126.910005
218.019997 23.920005 125.890005
218.119996 23.940005 127.670005
217.969997 23.600005 126.210005
218.019997 23.970005 125.570005
218.019997 23.210005 127.250005
218.019997 23.410005 127.160005
218.019997 23.710005 125.860005
218.019997 23.440005 126.630005
218.019996 23.660005 127.400005
217.969996 23.779005 127.381005
217.969997 23.170005 127.210005
218.019997 23.420005 126.580005
218.119996 23.880005 127.590005
217.969996 23.710005 127.330005
218.019996 23.960005 127.930005
218.019996 23.620005 127.360005
217.969997 22.949005 126.541005
217.969997 23.330005 126.270005
218.119996 23.830005 127.580005
218.019997 23.730005 126.100005
218.019997 23.610005 126.060005
217.969997 23.960005 125.670005
218.119997 23.920005 125.850005
218.119997 23.900005 125.890005
217.919996 23.800005 127.370005
217.969997 23.640005 126.010005
217.969996 23.900005 127.540005
218.119997 23.860005 125.920005
218.019997 23.370005 127.190005
218.019997 23.480005 126.720005
218.019997 23.100005 126.280005
217.969997 23.360005 126.510005
218.119996 23.960005 128.020005
217.969996 23.560005 127.460005
217.969997 23.670005 125.980005
218.019997 23.270005 126.260005
218.019997 22.890005 126.990005
218.119997 23.990005 125.610005
218.019997 23.170005 127.230005
217.919997 23.010005 126.550005
218.119997 23.820005 125.610005
218.119997 23.840005 125.570005
218.019997 22.880005 127.040005
218.019996 23.740005 127.410005
218.119997 23.730005 125.900005
218.019997 23.330005 127.050005
218.019997 23.380005 126.550005
218.069997 23.240005 127.230005
218.119997 23.760005 125.940005
217.969997 23.379005 126.291005
218.019997 23.910005 125.640005
218.119997 23.980005 125.560005
217.919997 23.417005 127.060005
218.069996 23.980005 127.880005
218.119996 23.810005 127.870005
218.019997 23.350005 126.510005
218.019997 23.960005 125.690005
218.019997 23.660005 126.010005
218.069997 22.980005 126.960005
218.019997 23.980005 125.600005
218.119997 23.880005 125.540005
218.019997 22.990005 126.640005
218.069997 22.900005 127.090005
218.119997 23.800005 125.660005
217.969996 23.570005 127.260005
218.019997 23.430005 126.900005
218.019997 23.610005 126.010005
217.969996 23.640005 127.490005
217.969997 23.770005 125.810005
218.069997 23.350005 126.420005
217.969997 22.950005 126.960005
218.069997 23.000005 126.920005
218.019997 23.150005 126.270005
218.019997 22.960005 126.300005
217.969996 23.705005 127.365005
218.119997 23.960005 125.510005
218.019997 23.930005 125.840005
218.119997 23.330005 126.960005
218.019997 23.250005 127.260005
217.919996 23.510005 127.420005
217.969997 23.390005 126.550005
218.119997 23.390005 126.890005
218.019997 23.320005 126.470005
218.019996 23.870005 127.810005
218.019997 23.470005 126.810005
218.119997 23.410005 126.790005
218.019997 23.330005 127.210005
218.069997 23.300005 126.480005
218.119997 23.420005 126.750005
217.969997 23.840005 125.680005
218.069996 23.670005 127.460005
218.019997 23.100005 126.740005
218.069997 23.660005 125.990005
218.019997 23.880005 125.680005
218.019997 22.910005 126.950005
218.019997 22.940005 126.910005
218.069997 23.350005 127.150005
218.069996 23.925005 127.935005
218.069996 23.730005 127.670005
217.969997 22.940005 126.320005
218.119997 23.360005 126.570005
218.019996 23.900005 127.850005
217.919997 23.070005 126.660005
218.019997 22.880005 127.140005
218.119997 23.320005 126.540005
218.069997 22.850005 127.170005
218.019997 22.950005 126.610005
218.069997 23.220005 126.250005
218.119997 23.280005 126.460005
218.119997 23.300005 126.370005
218.019996 23.650005 127.500005
217.969997 23.220005 126.270005
218.119997 23.170005 126.240005
218.069996 23.970005 127.830005
218.069997 23.030005 126.260005
218.019997 23.620005 126.150005
218.119997 23.120005 126.230005
218.019996 23.820005 127.450005
218.019997 23.970005 125.650005
218.069997 23.910005 125.890005
218.069997 23.320005 127.180005
218.119997 23.790005 125.710005
218.069997 23.820005 126.000005
217.969996 23.930005 127.860005
218.069997 23.010005 127.240005
218.069997 23.660005 126.040005
218.019996 23.610005 127.490005
218.019997 22.880005 126.480005
218.019997 23.280005 127.230005
218.069997 22.920005 127.210005
218.019996 23.960005 127.820005
218.019996 23.680005 127.530005
217.969996 23.960005 127.830005
218.069996 23.930005 127.630005
218.019997 23.400005 126.940005
218.019996 23.900005 127.580005
218.019997 23.000005 126.280005
218.019997 23.410005 127.110005
218.019997 23.770005 126.080005
218.069997 23.200005 127.260005
218.069997 23.080005 126.250005
218.069997 22.980005 126.270005
218.019997 23.400005 126.330005
218.069997 23.170005 126.250005
218.119997 22.870005 126.390005
218.069996 23.760005 127.760005
218.069997 23.420005 126.880005
217.969996 23.600005 127.290005
217.969997 23.570005 126.190005
218.069997 23.250005 126.290005
218.069997 23.930005 125.850005
218.119997 22.850005 126.300005
218.069997 23.100005 127.250005
218.019997 23.350005 126.440005
218.119996 23.710005 127.540005
218.069996 23.720005 127.620005
218.019997 23.930005 125.600005
218.119997 23.290005 126.500005
218.019997 22.970005 126.870005
218.019997 23.450005 126.860005
218.019996 23.700005 127.630005
218.119997 22.990005 126.590005
218.119997 22.980005 126.560005
218.069997 23.850005 125.970005
217.969997 22.990005 127.200005
218.119997 22.850005 126.350005
218.119997 23.200005 127.220005
218.069997 23.060005 127.250005
218.069997 23.990005 125.550005
218.119996 23.730005 127.560005
218.019996 23.930005 127.890005
218.069997 23.290005 127.030005
218.069996 23.840005 127.510005
218.119997 22.970005 126.640005
218.069996 23.660005 127.500005
218.119997 22.970005 126.870005
218.069996 23.940005 127.680005
218.019997 23.230005 126.240005
218.069997 23.400005 126.930005
218.119997 22.980005 126.690005
218.119997 23.720005 125.950005
218.069997 23.320005 126.990005
218.019996 23.980005 127.910005
217.919996 23.670005 127.318005
218.019997 23.090005 126.780005
218.119997 23.000005 126.730005
218.019996 23.970005 127.860005
218.119997 23.410005 126.700005
218.119997 22.860005 127.120005
218.069996 23.710005 127.570005
218.019996 23.730005 127.670005
218.019997 23.360005 126.310005
218.069997 23.790005 125.700005
218.119997 23.300005 127.120005
218.069997 23.905005 125.585005
218.119997 22.990005 126.780005
218.119997 23.390005 126.600005
218.069997 23.360005 126.960005
218.069997 23.330005 127.070005
218.019996 23.780005 127.420005
218.069997 22.860005 126.360005
218.069997 23.410005 126.600005
218.069996 23.790005 127.500005
218.069997 23.450005 126.740005
218.069997 23.760005 125.740005
218.019996 23.725005 127.435005
218.069997 23.340005 126.330005
218.069997 23.960005 125.700005
218.119997 23.240005 127.190005
218.069997 23.320005 126.450005
218.069997 22.870005 127.200005
218.069997 23.750005 125.780005
218.069997 23.340005 126.530005
218.019997 23.690005 125.910005
218.019996 23.610005 127.390005
218.019997 23.680005 126.080005
218.069997 23.720005 126.020005
218.119997 23.170005 127.260005
218.119997 23.200005 126.280005
218.069997 23.000005 126.570005
218.119997 22.850005 127.170005
218.019997 23.420005 126.380005
218.069997 23.440005 126.790005
218.069997 23.050005 126.790005
218.119997 22.940005 127.240005
218.069997 23.360005 127.100005
218.069997 22.880005 126.300005
218.069996 23.750005 127.490005
218.019997 22.910005 126.310005
218.119997 22.850005 127.220005
218.019997 23.310005 126.290005
218.019997 23.360005 126.980005
218.069997 23.380005 126.560005
218.119997 23.310005 127.070005
218.069997 23.120005 126.250005
218.019997 22.900005 126.530005
218.069997 22.840005 126.320005
218.019996 23.690005 127.420005
218.069997 23.970005 125.520005
218.069997 23.983005 125.517005
217.969996 23.670005 127.360005
218.119997 23.130005 127.270005
218.069997 23.720005 125.880005
218.069996 23.990005 127.980005
218.069997 23.070005 126.750005
217.969997 23.700005 125.940005
218.019997 23.050005 126.270005
218.119996 23.830005 127.920005
218.019996 23.721005 127.414005
218.119997 23.950005 125.470005
218.069997 23.980005 125.500005
218.119996 23.980005 127.870005
218.019997 22.880005 126.330005
218.119996 23.750005 127.630005
218.069997 23.280005 127.200005
218.069997 23.710005 125.930005
218.119997 23.300005 127.000005
218.019997 23.680005 125.960005
218.069997 22.970005 126.530005
218.019996 23.919005 127.621005
218.069996 23.990005 127.930005
218.119997 23.400005 126.840005
218.119997 23.280005 126.330005
218.069997 23.360005 126.370005
218.119997 23.290005 127.170005
218.119996 23.716005 127.564005
218.119996 23.720005 127.580005
218.069997 23.680005 126.030005
218.069996 23.790005 127.800005
218.069996 23.700005 127.490005
218.119997 23.810005 125.930005
218.069997 23.000005 126.610005
218.069997 23.970005 125.650005
218.069997 23.740005 125.830005
218.069996 23.970005 127.980005
218.119997 23.270005 127.040005
218.119997 23.310005 126.420005
218.119997 23.040005 127.270005
218.019997 22.880005 127.190005
218.069997 23.440005 126.690005
218.069997 23.010005 126.880005
218.119997 23.700005 125.930005
218.069997 23.680005 125.970005